6.69 --------------
count = 1 timestamp = 2024-03-30 10:14:25+00:00
6.6 23.7 23.7 17.4 11 35
6.64 23.9 23.9 6.64 11 35
6.7 24.1 24.1 28.3 11 35
6.64 23.9 23.9 6.64 22 46
6.62 23.9 23.9 28.23 22 46
6.6 23.7 23.7 31.8 22 46
6.97 25.1 25.1 28.57 22 47
6.69 24.1 24.1 17.49 22 46
6.72 24.2 24.2 17.52 22 46
6.72 24.2 24.2 64.32 22 46
6.63 23.9 23.9 6.63 22 46
6.78 24.4 24.4 28.38 22 46
6.78 24.4 24.4 28.38 22 46
6.78 24.4 24.4 28.38 22 46
6.96 25.1 25.1 32.16 22 47
7.01 25.2 25.2 17.81 22 47
6.83 24.6 24.6 28.43 22 47
6.96 25.1 25.1 28.56 22 47
7.04 25.3 25.3 17.84 22 47
6.89 24.8 24.8 32.09 22 47
6.8 24.5 24.5 28.4 22 46
7.03 25.3 25.3 28.63 22 47
6.98 25.1 25.1 17.78 22 47
6.75 24.3 24.3 31.95 22 46
6.68 24.1 24.1 -443.32 22 46

count = 2 timestamp = 2024-03-30 10:16:36+00:00
5.27 19.0 19.0 62.87 65 84
5.35 19.2 19.2 37.75 32 51
5.33 19.2 19.2 48.53 32 51
5.44 19.6 19.6 41.44 32 52
5.27 19.0 19.0 37.67 32 51
5.31 19.1 19.1 -228.69 32 51
5.36 19.3 19.3 5.36 0 0
5.45 19.6 19.6 5.45 0 0
5.57 20.1 20.1 5.57 0 0
5.48 19.7 19.7 5.48 0 0
5.34 19.2 19.2 5.34 0 0
5.45 19.6 19.6 5.45 0 0
5.56 20.0 20.0 5.56 0 0
5.34 19.2 19.2 5.34 0 0
5.1 18.4 18.4 5.1 0 0
5.08 18.3 18.3 5.08 0 0
4.89 17.6 17.6 4.89 0 0
4.8 17.3 17.3 4.8 0 0
4.69 16.9 16.9 4.69 0 0
4.62 16.6 16.6 4.62 0 0
4.63 16.7 16.7 4.63 0 0
4.62 16.6 16.6 4.62 0 0
4.6 16.6 16.6 4.6 0 0
4.47 16.1 16.1 4.47 0 0
4.45 16.0 16.0 4.45 0 0

count = 3 timestamp = 2024-03-30 10:16:38+00:00
5.14 18.5 18.5 37.54 32 51
5.29 19.0 19.0 5.29 32 51
5.27 19.0 19.0 62.87 65 84
5.35 19.2 19.2 37.75 32 51
5.33 19.2 19.2 48.53 32 51
5.44 19.6 19.6 41.44 32 52
5.27 19.0 19.0 37.67 32 51
5.31 19.1 19.1 -228.69 32 51
5.36 19.3 19.3 5.36 0 0
5.45 19.6 19.6 5.45 0 0
5.57 20.1 20.1 5.57 0 0
5.48 19.7 19.7 5.48 0 0
5.34 19.2 19.2 5.34 0 0
5.45 19.6 19.6 5.45 0 0
5.56 20.0 20.0 5.56 0 0
5.34 19.2 19.2 5.34 0 0
5.1 18.4 18.4 5.1 0 0
5.08 18.3 18.3 5.08 0 0
4.89 17.6 17.6 4.89 0 0
4.8 17.3 17.3 4.8 0 0
4.69 16.9 16.9 4.69 0 0
4.62 16.6 16.6 4.62 0 0
4.63 16.7 16.7 4.63 0 0
4.62 16.6 16.6 4.62 0 0
4.6 16.6 16.6 4.6 0 0

count = 4 timestamp = 2024-03-30 10:18:09+00:00
7.28 26.2 26.2 28.88 32 58
7.33 26.4 26.4 39.73 32 58
7.17 25.8 25.8 64.78 43 69
7.23 26.0 26.0 54.03 43 69
7.08 25.5 25.5 50.28 43 68
7.06 25.4 25.4 53.86 43 68
6.87 24.7 24.7 -230.73 43 68
6.63 23.9 23.9 39.03 32 56
6.54 23.5 23.5 53.34 43 67
6.55 23.6 23.6 60.55 43 67
6.47 23.3 23.3 53.27 54 77
6.34 22.8 22.8 49.55 54 77
6.36 22.9 22.9 63.96 54 77
6.44 23.2 23.2 53.24 54 77
6.34 22.8 22.8 49.54 54 77
6.15 22.1 22.1 -397.05 54 76
6.21 22.3 22.3 6.21 0 0
6.07 21.8 21.8 6.07 0 0
6.13 22.1 22.1 6.13 0 0
6.2 22.3 22.3 6.2 0 0
6.21 22.4 22.4 6.21 0 0
6.21 22.4 22.4 6.21 0 0
6.13 22.1 22.1 6.13 0 0
6.18 22.2 22.2 6.18 0 0
6.25 22.5 22.5 6.25 0 0

count = 5 timestamp = 2024-03-30 10:19:12+00:00
5.98 21.5 21.5 27.58 32 54
5.92 21.3 21.3 52.72 43 64
5.82 21.0 21.0 49.02 43 64
5.84 21.0 21.0 52.64 43 64
5.84 21.0 21.0 49.04 43 64
5.97 21.5 21.5 52.77 43 64
5.99 21.6 21.6 49.19 43 65
5.88 21.2 21.2 52.68 43 64
5.77 20.8 20.8 48.97 43 64
5.61 20.2 20.2 -408.39 54 74
5.7 20.5 20.5 5.7 0 0
5.7 20.5 20.5 5.7 0 0
5.7 20.5 20.5 5.7 0 0
5.76 20.7 20.7 5.76 0 0
5.64 20.3 20.3 5.64 0 0
5.74 20.7 20.7 5.74 0 0
5.79 20.8 20.8 5.79 0 0
6.02 21.7 21.7 6.02 0 0
6.07 21.9 21.9 6.07 0 0
6.07 21.9 21.9 6.07 0 0
6.02 21.7 21.7 6.02 0 0
6.05 21.8 21.8 6.05 0 0
5.92 21.3 21.3 5.92 0 0
6.08 21.9 21.9 6.08 0 0
6.17 22.2 22.2 6.17 0 0

count = 6 timestamp = 2024-03-30 10:19:18+00:00
5.84 21.0 21.0 49.04 32 53
5.92 21.3 21.3 27.52 32 53
6.01 21.6 21.6 52.81 43 65
5.85 21.1 21.1 49.05 43 64
5.93 21.4 21.4 63.53 43 64
6.03 21.7 21.7 -173.97 43 65
5.98 21.5 21.5 27.58 32 54
5.92 21.3 21.3 52.72 43 64
5.82 21.0 21.0 49.02 43 64
5.84 21.0 21.0 52.64 43 64
5.84 21.0 21.0 49.04 43 64
5.97 21.5 21.5 52.77 43 64
5.99 21.6 21.6 49.19 43 65
5.88 21.2 21.2 52.68 43 64
5.77 20.8 20.8 48.97 43 64
5.61 20.2 20.2 -408.39 54 74
5.7 20.5 20.5 5.7 0 0
5.7 20.5 20.5 5.7 0 0
5.7 20.5 20.5 5.7 0 0
5.76 20.7 20.7 5.76 0 0
5.64 20.3 20.3 5.64 0 0
5.74 20.7 20.7 5.74 0 0
5.79 20.8 20.8 5.79 0 0
6.02 21.7 21.7 6.02 0 0
6.07 21.9 21.9 6.07 0 0

count = 7 timestamp = 2024-03-30 10:19:28+00:00
5.88 21.2 21.2 27.48 32 53
5.85 21.1 21.1 63.45 32 53
5.82 21.0 21.0 38.22 43 64
5.75 20.7 20.7 52.55 43 64
5.64 20.3 20.3 48.84 43 63
5.66 20.4 20.4 52.46 43 63
5.69 20.5 20.5 48.89 43 63
5.81 20.9 20.9 -307.39 43 64
5.76 20.7 20.7 38.16 32 53
5.85 21.1 21.1 -37.35 32 53
5.84 21.0 21.0 49.04 32 53
5.92 21.3 21.3 27.52 32 53
6.01 21.6 21.6 52.81 43 65
5.85 21.1 21.1 49.05 43 64
5.93 21.4 21.4 63.53 43 64
6.03 21.7 21.7 -173.97 43 65
5.98 21.5 21.5 27.58 32 54
5.92 21.3 21.3 52.72 43 64
5.82 21.0 21.0 49.02 43 64
5.84 21.0 21.0 52.64 43 64
5.84 21.0 21.0 49.04 43 64
5.97 21.5 21.5 52.77 43 64
5.99 21.6 21.6 49.19 43 65
5.88 21.2 21.2 52.68 43 64
5.77 20.8 20.8 48.97 43 64

count = 8 timestamp = 2024-03-30 10:19:51+00:00
5.97 21.5 21.5 27.57 22 43
5.97 21.5 21.5 16.77 22 43
6.03 21.7 21.7 52.83 32 54
6.06 21.8 21.8 49.26 43 65
6.02 21.7 21.7 38.42 43 65
6.21 22.3 22.3 53.0 43 65
6.4 23.0 23.0 49.6 43 66
6.43 23.1 23.1 42.43 43 66
6.35 22.9 22.9 38.75 43 66
6.4 23.0 23.0 64.0 43 66
6.69 24.1 24.1 49.89 43 67
6.85 24.7 24.7 53.65 43 68
6.75 24.3 24.3 -464.85 43 67
6.64 23.9 23.9 6.64 0 0
6.44 23.2 23.2 6.44 0 0
6.44 23.2 23.2 6.44 0 0
6.4 23.0 23.0 6.4 0 0
6.23 22.4 22.4 6.23 0 0
6.26 22.5 22.5 6.26 0 0
6.22 22.4 22.4 6.22 0 0
6.01 21.6 21.6 6.01 0 0
5.88 21.2 21.2 38.28 0 0
5.88 21.2 21.2 27.48 32 53
5.85 21.1 21.1 63.45 32 53
5.82 21.0 21.0 38.22 43 64

count = 9 timestamp = 2024-03-30 10:19:59+00:00
5.72 20.6 20.6 38.12 32 53
5.78 20.8 20.8 41.78 32 53
5.89 21.2 21.2 49.09 43 64
6.04 21.7 21.7 63.64 43 65
6.04 21.7 21.7 49.24 43 65
5.97 21.5 21.5 52.77 54 75
6.02 21.7 21.7 49.22 54 76
6.03 21.7 21.7 -307.17 54 76
5.97 21.5 21.5 27.57 22 43
5.97 21.5 21.5 16.77 22 43
6.03 21.7 21.7 52.83 32 54
6.06 21.8 21.8 49.26 43 65
6.02 21.7 21.7 38.42 43 65
6.21 22.3 22.3 53.0 43 65
6.4 23.0 23.0 49.6 43 66
6.43 23.1 23.1 42.43 43 66
6.35 22.9 22.9 38.75 43 66
6.4 23.0 23.0 64.0 43 66
6.69 24.1 24.1 49.89 43 67
6.85 24.7 24.7 53.65 43 68
6.75 24.3 24.3 -464.85 43 67
6.64 23.9 23.9 6.64 0 0
6.44 23.2 23.2 6.44 0 0
6.44 23.2 23.2 6.44 0 0
6.4 23.0 23.0 6.4 0 0

count = 10 timestamp = 2024-03-30 10:20:42+00:00
7.79 28.0 28.0 40.19 22 50
7.69 27.7 27.7 32.89 22 50
7.68 27.6 27.6 29.28 32 60
7.65 27.5 27.5 40.05 32 60
7.62 27.4 27.4 43.62 32 59
7.64 27.5 27.5 40.04 32 60
7.56 27.2 27.2 50.76 43 70
7.5 27.0 27.0 43.5 43 70
7.48 26.9 26.9 39.88 43 70
7.42 26.7 26.7 -316.58 43 70
7.4 26.6 26.6 7.4 0 0
7.16 25.8 25.8 7.16 0 0
7.04 25.4 25.4 7.04 0 0
7.09 25.5 25.5 7.09 0 0
7.05 25.4 25.4 7.05 0 0
6.66 24.0 24.0 6.66 0 0
6.41 23.1 23.1 6.41 0 0
6.36 22.9 22.9 6.36 0 0
6.57 23.6 23.6 6.57 0 0
6.54 23.5 23.5 6.54 0 0
6.34 22.8 22.8 6.34 0 0
6.26 22.5 22.5 6.26 0 0
6.44 23.2 23.2 6.44 0 0
6.26 22.5 22.5 6.26 0 0
6.35 22.9 22.9 6.35 0 0

count = 11 timestamp = 2024-03-30 10:20:50+00:00
8.05 29.0 29.0 40.45 32 61
8.02 28.9 28.9 54.81 32 61
8.05 29.0 29.0 51.25 43 72
7.99 28.8 28.8 54.79 43 72
8.16 29.4 29.4 51.36 43 72
8.01 28.8 28.8 40.41 43 72
8.08 29.1 29.1 44.08 43 72
7.89 28.4 28.4 -251.31 43 71
7.79 28.0 28.0 40.19 22 50
7.69 27.7 27.7 32.89 22 50
7.68 27.6 27.6 29.28 32 60
7.65 27.5 27.5 40.05 32 60
7.62 27.4 27.4 43.62 32 59
7.64 27.5 27.5 40.04 32 60
7.56 27.2 27.2 50.76 43 70
7.5 27.0 27.0 43.5 43 70
7.48 26.9 26.9 39.88 43 70
7.42 26.7 26.7 -316.58 43 70
7.4 26.6 26.6 7.4 0 0
7.16 25.8 25.8 7.16 0 0
7.04 25.4 25.4 7.04 0 0
7.09 25.5 25.5 7.09 0 0
7.05 25.4 25.4 7.05 0 0
6.66 24.0 24.0 6.66 0 0
6.41 23.1 23.1 6.41 0 0

count = 12 timestamp = 2024-03-30 10:20:57+00:00
7.1 25.6 25.6 50.3 43 69
7.38 26.6 26.6 54.18 43 70
7.43 26.7 26.7 50.63 43 70
7.51 27.0 27.0 54.31 43 70
7.62 27.4 27.4 61.62 54 81
7.47 26.9 26.9 54.27 54 81
7.59 27.3 27.3 -262.4 54 81
8.05 29.0 29.0 40.45 32 61
8.02 28.9 28.9 54.81 32 61
8.05 29.0 29.0 51.25 43 72
7.99 28.8 28.8 54.79 43 72
8.16 29.4 29.4 51.36 43 72
8.01 28.8 28.8 40.41 43 72
8.08 29.1 29.1 44.08 43 72
7.89 28.4 28.4 -251.31 43 71
7.79 28.0 28.0 40.19 22 50
7.69 27.7 27.7 32.89 22 50
7.68 27.6 27.6 29.28 32 60
7.65 27.5 27.5 40.05 32 60
7.62 27.4 27.4 43.62 32 59
7.64 27.5 27.5 40.04 32 60
7.56 27.2 27.2 50.76 43 70
7.5 27.0 27.0 43.5 43 70
7.48 26.9 26.9 39.88 43 70
7.42 26.7 26.7 -316.58 43 70

count = 13 timestamp = 2024-03-30 10:21:13+00:00
6.03 21.7 21.7 27.63 32 54
6.12 22.0 22.0 42.12 32 54
6.14 22.1 22.1 49.34 43 65
6.05 21.8 21.8 38.45 43 65
6.08 21.9 21.9 52.88 43 65
6.32 22.7 22.7 49.52 43 66
6.22 22.4 22.4 42.22 32 54
6.02 21.7 21.7 -285.58 32 54
5.87 21.1 21.1 5.87 0 0
5.98 21.5 21.5 5.98 0 0
6.36 22.9 22.9 6.36 0 0
6.51 23.4 23.4 6.51 0 0
6.68 24.1 24.1 6.68 0 0
6.75 24.3 24.3 6.75 0 0
6.89 24.8 24.8 6.89 0 0
6.81 24.5 24.5 6.81 0 0
7.1 25.6 25.6 50.3 43 69
7.38 26.6 26.6 54.18 43 70
7.43 26.7 26.7 50.63 43 70
7.51 27.0 27.0 54.31 43 70
7.62 27.4 27.4 61.62 54 81
7.47 26.9 26.9 54.27 54 81
7.59 27.3 27.3 -262.4 54 81
8.05 29.0 29.0 40.45 32 61
8.02 28.9 28.9 54.81 32 61

count = 14 timestamp = 2024-03-30 10:21:39+00:00
5.79 20.9 20.9 27.39 32 53
5.85 21.1 21.1 38.25 32 53
5.97 21.5 21.5 52.77 32 53
5.95 21.4 21.4 27.55 32 53
5.93 21.4 21.4 52.73 32 53
6.03 21.7 21.7 27.63 32 54
6.13 22.1 22.1 38.53 32 54
6.19 22.3 22.3 31.39 32 54
6.18 22.2 22.2 38.58 22 44
6.14 22.1 22.1 16.94 22 44
6.11 22.0 22.0 -307.09 22 44
5.91 21.3 21.3 5.91 0 0
6.06 21.8 21.8 6.06 0 0
6.11 22.0 22.0 6.11 0 0
6.04 21.7 21.7 6.04 0 0
6.0 21.6 21.6 6.0 0 0
5.96 21.5 21.5 5.96 0 0
5.96 21.5 21.5 5.96 0 0
6.21 22.3 22.3 6.21 0 0
6.34 22.8 22.8 6.34 0 0
6.12 22.0 22.0 6.12 0 0
6.31 22.7 22.7 6.31 0 0
6.25 22.5 22.5 6.25 0 0
6.32 22.7 22.7 6.32 0 0
6.16 22.2 22.2 38.56 0 0

count = 15 timestamp = 2024-03-30 10:22:01+00:00
6.1 22.0 22.0 38.5 32 54
6.2 22.3 22.3 38.6 32 54
6.06 21.8 21.8 52.86 43 65
6.07 21.8 21.8 49.27 43 65
6.06 21.8 21.8 52.86 43 65
6.09 21.9 21.9 38.49 43 65
6.11 22.0 22.0 52.91 43 65
5.95 21.4 21.4 49.15 43 64
6.12 22.0 22.0 52.92 43 65
6.11 22.0 22.0 49.31 43 65
6.11 22.0 22.0 52.91 43 65
6.06 21.8 21.8 -465.54 43 65
6.19 22.3 22.3 6.19 0 0
6.19 22.3 22.3 6.19 0 0
6.08 21.9 21.9 6.08 0 0
6.16 22.2 22.2 6.16 0 0
6.09 21.9 21.9 6.09 0 0
6.04 21.7 21.7 6.04 0 0
5.87 21.1 21.1 5.87 0 0
5.86 21.1 21.1 5.86 0 0
5.79 20.8 20.8 5.79 0 0
5.89 21.2 21.2 27.49 0 0
5.79 20.9 20.9 27.39 32 53
5.85 21.1 21.1 38.25 32 53
5.97 21.5 21.5 52.77 32 53

count = 16 timestamp = 2024-03-30 10:22:34+00:00
5.89 21.2 21.2 38.29 32 53
5.72 20.6 20.6 52.52 43 64
6.06 21.8 21.8 49.26 43 65
6.07 21.8 21.8 63.66 43 65
5.68 20.5 20.5 48.88 54 74
5.88 21.2 21.2 -249.72 54 75
5.77 20.8 20.8 5.77 0 0
5.98 21.5 21.5 5.98 0 0
5.89 21.2 21.2 5.89 0 0
5.92 21.3 21.3 5.92 0 0
5.99 21.6 21.6 5.99 0 0
6.19 22.3 22.3 6.19 0 0
6.22 22.4 22.4 6.22 0 0
6.25 22.5 22.5 6.25 0 0
6.44 23.2 23.2 49.64 0 0
6.29 22.6 22.6 38.69 32 55
6.2 22.3 22.3 42.2 32 54
6.19 22.3 22.3 49.39 43 65
6.39 23.0 23.0 53.19 43 66
6.47 23.3 23.3 -195.13 43 66
6.2 22.3 22.3 6.2 0 0
6.05 21.8 21.8 6.05 0 0
6.13 22.1 22.1 6.13 0 0
6.09 21.9 21.9 6.09 0 0
6.13 22.1 22.1 6.13 0 0

count = 17 timestamp = 2024-03-30 10:22:39+00:00
5.92 21.3 21.3 49.12 43 64
6.04 21.7 21.7 63.64 54 76
5.99 21.6 21.6 63.59 54 76
5.87 21.1 21.1 -174.13 54 75
6.04 21.7 21.7 38.44 0 0
5.89 21.2 21.2 38.29 32 53
5.72 20.6 20.6 52.52 43 64
6.06 21.8 21.8 49.26 43 65
6.07 21.8 21.8 63.66 43 65
5.68 20.5 20.5 48.88 54 74
5.88 21.2 21.2 -249.72 54 75
5.77 20.8 20.8 5.77 0 0
5.98 21.5 21.5 5.98 0 0
5.89 21.2 21.2 5.89 0 0
5.92 21.3 21.3 5.92 0 0
5.99 21.6 21.6 5.99 0 0
6.19 22.3 22.3 6.19 0 0
6.22 22.4 22.4 6.22 0 0
6.25 22.5 22.5 6.25 0 0
6.44 23.2 23.2 49.64 0 0
6.29 22.6 22.6 38.69 32 55
6.2 22.3 22.3 42.2 32 54
6.19 22.3 22.3 49.39 43 65
6.39 23.0 23.0 53.19 43 66
6.47 23.3 23.3 -195.13 43 66

count = 18 timestamp = 2024-03-30 10:22:53+00:00
5.33 19.2 19.2 37.73 32 51
5.61 20.2 20.2 27.21 32 52
5.75 20.7 20.7 63.35 43 64
5.75 20.7 20.7 48.95 43 64
5.77 20.8 20.8 41.77 43 64
5.64 20.3 20.3 48.84 43 63
5.71 20.6 20.6 52.51 43 64
5.71 20.6 20.6 48.91 43 64
5.76 20.7 20.7 52.56 43 64
5.61 20.2 20.2 48.81 43 63
5.92 21.3 21.3 -418.88 54 75
5.92 21.3 21.3 5.92 0 0
5.94 21.4 21.4 5.94 0 0
5.79 20.8 20.8 27.39 0 0
5.92 21.3 21.3 49.12 43 64
6.04 21.7 21.7 63.64 54 76
5.99 21.6 21.6 63.59 54 76
5.87 21.1 21.1 -174.13 54 75
6.04 21.7 21.7 38.44 0 0
5.89 21.2 21.2 38.29 32 53
5.72 20.6 20.6 52.52 43 64
6.06 21.8 21.8 49.26 43 65
6.07 21.8 21.8 63.66 43 65
5.68 20.5 20.5 48.88 54 74
5.88 21.2 21.2 -249.72 54 75

count = 19 timestamp = 2024-03-30 10:24:51+00:00
0.0 0.0 0.0 75.6 43 43
0.0 0.0 0.0 57.6 43 43
0.8 2.9 2.9 47.6 43 46
3.0 10.8 10.8 35.39 43 54
4.56 16.4 16.4 26.16 32 48
4.8 17.3 17.3 26.41 22 39
5.55 20.0 20.0 30.75 22 42
5.92 21.3 21.3 27.52 22 43
6.62 23.9 23.9 17.43 11 35
7.45 26.8 26.8 -305.75 11 38
7.77 28.0 28.0 7.77 0 0
7.9 28.5 28.5 7.9 0 0
7.77 28.0 28.0 7.77 0 0
7.54 27.1 27.1 7.54 0 0
7.53 27.1 27.1 7.53 0 0
7.44 26.8 26.8 7.44 0 0
7.46 26.9 26.9 7.46 0 0
7.14 25.7 25.7 7.14 0 0
7.11 25.6 25.6 7.11 0 0
6.86 24.7 24.7 6.86 0 0
6.47 23.3 23.3 6.47 0 0
6.22 22.4 22.4 6.22 0 0
6.07 21.8 21.8 6.07 0 0
5.39 19.4 19.4 138.59 0 0
4.93 17.7 17.7 15.73 22 40

count = 20 timestamp = 2024-03-30 10:32:12+00:00
6.45 23.2 23.2 28.05 32 55
6.68 24.1 24.1 39.08 43 67
6.47 23.3 23.3 53.27 43 66
6.85 24.7 24.7 50.05 43 68
7.16 25.8 25.8 43.16 43 69
6.89 24.8 24.8 39.3 43 68
7.13 25.7 25.7 39.53 32 58
7.1 25.6 25.6 53.9 43 69
6.8 24.5 24.5 39.2 43 67
6.62 23.9 23.9 53.42 43 67
6.99 25.2 25.2 50.19 43 68
7.08 25.5 25.5 53.88 54 79
6.85 24.7 24.7 -464.75 54 79
7.15 25.7 25.7 7.15 0 0
7.26 26.1 26.1 7.26 0 0
7.31 26.3 26.3 7.31 0 0
7.22 26.0 26.0 7.22 0 0
7.57 27.2 27.2 7.57 0 0
7.42 26.7 26.7 7.42 0 0
7.49 27.0 27.0 7.49 0 0
7.47 26.9 26.9 7.47 0 0
7.16 25.8 25.8 7.16 0 0
7.52 27.1 27.1 7.52 0 0
8.04 29.0 29.0 8.04 0 0
7.68 27.6 27.6 7.68 0 0

count = 21 timestamp = 2024-03-30 10:32:28+00:00
6.04 21.7 21.7 49.24 43 65
5.99 21.6 21.6 52.79 54 76
6.21 22.3 22.3 49.41 43 65
6.19 22.3 22.3 63.79 43 65
6.19 22.3 22.3 49.39 43 65
6.31 22.7 22.7 63.91 43 66
6.27 22.6 22.6 49.47 54 77
6.34 22.8 22.8 53.14 54 77
6.55 23.6 23.6 49.75 54 78
6.3 22.7 22.7 53.1 54 77
6.5 23.4 23.4 -475.9 54 77
6.54 23.5 23.5 6.54 0 0
6.6 23.7 23.7 6.6 0 0
6.53 23.5 23.5 6.53 0 0
6.32 22.7 22.7 6.32 0 0
6.41 23.1 23.1 17.21 0 0
6.45 23.2 23.2 28.05 32 55
6.68 24.1 24.1 39.08 43 67
6.47 23.3 23.3 53.27 43 66
6.85 24.7 24.7 50.05 43 68
7.16 25.8 25.8 43.16 43 69
6.89 24.8 24.8 39.3 43 68
7.13 25.7 25.7 39.53 32 58
7.1 25.6 25.6 53.9 43 69
6.8 24.5 24.5 39.2 43 67

count = 22 timestamp = 2024-03-30 10:32:51+00:00
5.96 21.5 21.5 27.56 32 53
6.09 21.9 21.9 27.69 32 54
5.97 21.5 21.5 41.97 32 53
5.79 20.9 20.9 48.99 32 53
5.71 20.6 20.6 38.11 32 53
5.94 21.4 21.4 52.74 43 64
6.04 21.7 21.7 38.44 43 65
6.06 21.8 21.8 42.06 32 54
5.99 21.6 21.6 38.39 32 54
6.06 21.8 21.8 38.46 32 54
6.11 22.0 22.0 52.91 32 54
6.04 21.7 21.7 38.44 32 54
5.97 21.5 21.5 41.97 43 64
6.02 21.7 21.7 38.42 43 65
6.13 22.1 22.1 -487.07 43 65
6.14 22.1 22.1 6.14 0 0
6.08 21.9 21.9 6.08 0 0
5.96 21.5 21.5 5.96 0 0
5.91 21.3 21.3 5.91 0 0
5.8 20.9 20.9 5.8 0 0
5.6 20.2 20.2 5.6 0 0
5.8 20.9 20.9 16.6 0 0
6.04 21.7 21.7 49.24 43 65
5.99 21.6 21.6 52.79 54 76
6.21 22.3 22.3 49.41 43 65

count = 23 timestamp = 2024-03-30 10:33:50+00:00
6.27 22.6 22.6 49.47 54 77
6.36 22.9 22.9 74.76 54 77
6.45 23.2 23.2 64.05 54 77
6.68 24.1 24.1 60.68 54 78
6.72 24.2 24.2 64.32 65 89
6.49 23.3 23.3 64.09 65 88
6.27 22.6 22.6 -353.73 65 88
6.45 23.2 23.2 6.45 0 0
6.49 23.3 23.3 6.49 0 0
6.45 23.2 23.2 6.45 0 0
6.25 22.5 22.5 6.25 0 0
6.4 23.0 23.0 6.4 0 0
6.49 23.4 23.4 6.49 0 0
6.55 23.6 23.6 6.55 0 0
6.27 22.6 22.6 6.27 0 0
6.51 23.4 23.4 6.51 0 0
6.21 22.4 22.4 6.21 0 0
6.47 23.3 23.3 6.47 0 0
6.22 22.4 22.4 6.22 0 0
6.4 23.0 23.0 6.4 0 0
6.22 22.4 22.4 6.22 0 0
6.04 21.7 21.7 6.04 0 0
5.92 21.3 21.3 5.92 0 0
6.15 22.1 22.1 6.15 0 0
6.53 23.5 23.5 6.53 0 0

count = 24 timestamp = 2024-03-30 10:34:23+00:00
6.55 23.6 23.6 28.15 43 67
6.61 23.8 23.8 64.21 54 78
6.66 24.0 24.0 60.66 54 78
6.34 22.8 22.8 63.95 54 77
6.51 23.4 23.4 49.71 54 77
6.48 23.3 23.3 64.08 54 77
6.47 23.3 23.3 53.27 54 77
6.44 23.2 23.2 60.44 54 77
6.46 23.2 23.2 -407.54 54 77
6.53 23.5 23.5 6.53 0 0
6.5 23.4 23.4 6.5 0 0
6.22 22.4 22.4 6.22 0 0
6.0 21.6 21.6 6.0 0 0
5.88 21.2 21.2 5.88 0 0
6.14 22.1 22.1 6.14 0 0
6.13 22.1 22.1 6.13 0 0
6.06 21.8 21.8 6.06 0 0
6.13 22.1 22.1 6.13 0 0
6.17 22.2 22.2 6.17 0 0
6.13 22.1 22.1 6.13 0 0
6.02 21.7 21.7 6.02 0 0
6.22 22.4 22.4 6.22 0 0
5.98 21.5 21.5 5.98 0 0
6.01 21.6 21.6 6.01 0 0
6.21 22.3 22.3 6.21 0 0

count = 25 timestamp = 2024-03-30 10:34:36+00:00
6.83 24.6 24.6 28.43 43 68
6.75 24.3 24.3 64.36 54 78
6.92 24.9 24.9 50.12 54 79
7.13 25.7 25.7 64.73 54 80
6.98 25.1 25.1 60.98 54 79
6.78 24.4 24.4 64.38 54 78
7.0 25.2 25.2 50.2 54 79
7.0 25.2 25.2 64.6 54 79
6.47 23.3 23.3 64.07 54 77
6.29 22.6 22.6 -454.51 54 77
6.27 22.6 22.6 6.27 0 0
6.22 22.4 22.4 6.22 0 0
6.46 23.2 23.2 28.06 0 0
6.55 23.6 23.6 28.15 43 67
6.61 23.8 23.8 64.21 54 78
6.66 24.0 24.0 60.66 54 78
6.34 22.8 22.8 63.95 54 77
6.51 23.4 23.4 49.71 54 77
6.48 23.3 23.3 64.08 54 77
6.47 23.3 23.3 53.27 54 77
6.44 23.2 23.2 60.44 54 77
6.46 23.2 23.2 -407.54 54 77
6.53 23.5 23.5 6.53 0 0
6.5 23.4 23.4 6.5 0 0
6.22 22.4 22.4 6.22 0 0

count = 26 timestamp = 2024-03-30 10:34:59+00:00
7.37 26.5 26.5 18.17 32 59
7.24 26.1 26.1 28.84 32 58
7.35 26.5 26.5 18.15 32 58
7.31 26.3 26.3 118.91 32 58
6.95 25.0 25.0 42.95 32 57
6.91 24.9 24.9 39.3 32 57
7.0 25.2 25.2 39.4 32 57
7.22 26.0 26.0 43.22 32 58
7.33 26.4 26.4 39.73 43 69
6.75 24.3 24.3 42.75 43 67
7.04 25.4 25.4 50.25 43 68
7.16 25.8 25.8 39.56 43 69
7.55 27.2 27.2 43.55 43 70
7.2 25.9 25.9 -464.4 43 69
7.06 25.4 25.4 7.06 0 0
6.96 25.1 25.1 6.96 0 0
6.98 25.1 25.1 6.98 0 0
7.06 25.4 25.4 7.06 0 0
6.85 24.7 24.7 6.85 0 0
6.63 23.9 23.9 6.63 0 0
6.92 24.9 24.9 6.92 0 0
7.09 25.5 25.5 17.89 0 0
6.83 24.6 24.6 28.43 43 68
6.75 24.3 24.3 64.36 54 78
6.92 24.9 24.9 50.12 54 79

count = 27 timestamp = 2024-03-30 10:37:23+00:00
8.32 30.0 30.0 40.72 32 62
8.32 30.0 30.0 40.72 43 73
8.34 30.0 30.0 65.94 43 73
8.32 30.0 30.0 40.72 43 73
8.44 30.4 30.4 55.24 43 73
8.27 29.8 29.8 51.47 54 84
8.27 29.8 29.8 76.67 54 84
8.09 29.1 29.1 65.69 65 94
7.92 28.5 28.5 -373.68 76 105
7.99 28.8 28.8 7.99 0 0
7.93 28.6 28.6 7.93 0 0
7.65 27.5 27.5 7.65 0 0
7.55 27.2 27.2 7.55 0 0
7.42 26.7 26.7 7.42 0 0
7.42 26.7 26.7 7.42 0 0
7.46 26.8 26.8 7.46 0 0
7.46 26.8 26.8 7.46 0 0
7.33 26.4 26.4 7.33 0 0
7.06 25.4 25.4 7.06 0 0
6.91 24.9 24.9 6.91 0 0
7.17 25.8 25.8 7.17 0 0
7.14 25.7 25.7 7.14 0 0
7.14 25.7 25.7 7.14 0 0
7.0 25.2 25.2 7.0 0 0
7.13 25.7 25.7 7.13 0 0

count = 28 timestamp = 2024-03-30 10:37:44+00:00
9.22 33.2 33.2 41.62 43 76
9.07 32.6 32.6 135.07 43 76
9.06 32.6 32.6 41.46 32 65
9.09 32.7 32.7 41.49 32 65
9.01 32.4 32.4 34.21 32 64
9.08 32.7 32.7 41.48 32 65
9.15 33.0 33.0 41.55 32 65
9.05 32.6 32.6 55.85 43 76
9.12 32.9 32.9 -372.48 43 76
9.0 32.4 32.4 9.0 0 0
8.92 32.1 32.1 8.92 0 0
8.8 31.7 31.7 8.8 0 0
8.84 31.8 31.8 8.84 0 0
8.8 31.7 31.7 8.8 0 0
8.57 30.8 30.8 8.57 0 0
8.36 30.1 30.1 8.36 0 0
8.25 29.7 29.7 8.25 0 0
8.36 30.1 30.1 8.36 0 0
8.35 30.1 30.1 19.15 0 0
8.32 30.0 30.0 40.72 32 62
8.32 30.0 30.0 40.72 43 73
8.34 30.0 30.0 65.94 43 73
8.32 30.0 30.0 40.72 43 73
8.44 30.4 30.4 55.24 43 73
8.27 29.8 29.8 51.47 54 84

count = 29 timestamp = 2024-03-30 10:38:04+00:00
8.41 30.3 30.3 40.81 43 73
8.46 30.5 30.5 40.86 43 73
8.48 30.5 30.5 55.28 43 74
8.55 30.8 30.8 62.55 43 74
8.74 31.5 31.5 55.54 43 74
8.73 31.4 31.4 51.93 43 74
8.96 32.2 32.2 44.96 43 75
9.06 32.6 32.6 52.26 43 76
9.14 32.9 32.9 45.14 43 76
9.15 33.0 33.0 52.35 43 76
9.02 32.5 32.5 55.82 43 75
9.22 33.2 33.2 41.62 43 76
8.94 32.2 32.2 19.74 43 75
8.85 31.8 31.8 -495.15 43 75
8.88 32.0 32.0 8.88 0 0
9.03 32.5 32.5 9.03 0 0
9.02 32.5 32.5 9.02 0 0
9.02 32.5 32.5 9.02 0 0
9.11 32.8 32.8 9.11 0 0
9.28 33.4 33.4 30.88 0 0
9.22 33.2 33.2 41.62 43 76
9.07 32.6 32.6 135.07 43 76
9.06 32.6 32.6 41.46 32 65
9.09 32.7 32.7 41.49 32 65
9.01 32.4 32.4 34.21 32 64

count = 30 timestamp = 2024-03-30 10:38:41+00:00
8.12 29.2 29.2 40.52 43 72
8.23 29.6 29.6 51.43 43 73
8.08 29.1 29.1 54.88 43 72
8.45 30.4 30.4 66.05 43 73
8.66 31.2 31.2 51.86 43 74
8.67 31.2 31.2 55.47 43 74
8.68 31.2 31.2 51.88 43 74
8.9 32.0 32.0 -304.3 43 75
8.9 32.0 32.0 8.9 0 0
8.86 31.9 31.9 8.86 0 0
8.98 32.3 32.3 8.98 0 0
9.1 32.7 32.7 9.1 0 0
8.96 32.2 32.2 8.96 0 0
8.94 32.2 32.2 8.94 0 0
8.92 32.1 32.1 8.92 0 0
8.84 31.8 31.8 8.84 0 0
8.93 32.1 32.1 8.93 0 0
8.87 31.9 31.9 8.87 0 0
8.76 31.5 31.5 8.76 0 0
8.75 31.5 31.5 8.75 0 0
8.84 31.8 31.8 8.84 0 0
8.73 31.4 31.4 8.73 0 0
8.67 31.2 31.2 8.67 0 0
8.53 30.7 30.7 8.53 0 0
8.52 30.7 30.7 8.52 0 0

count = 31 timestamp = 2024-03-30 10:42:26+00:00
7.04 25.4 25.4 39.45 32 57
6.88 24.8 24.8 39.28 43 68
6.77 24.4 24.4 53.57 43 67
6.91 24.9 24.9 39.3 43 68
6.91 24.9 24.9 53.71 43 68
6.91 24.9 24.9 50.11 43 68
7.0 25.2 25.2 53.8 43 68
7.1 25.6 25.6 39.5 43 69
7.14 25.7 25.7 53.94 43 69
7.16 25.8 25.8 50.36 43 69
7.26 26.1 26.1 -406.74 43 69
7.15 25.7 25.7 7.15 0 0
7.24 26.1 26.1 7.24 0 0
7.17 25.8 25.8 7.17 0 0
7.31 26.3 26.3 7.31 0 0
7.41 26.7 26.7 7.41 0 0
7.41 26.7 26.7 7.41 0 0
7.35 26.5 26.5 7.35 0 0
7.58 27.3 27.3 7.58 0 0
7.44 26.8 26.8 7.44 0 0
7.37 26.5 26.5 7.37 0 0
7.48 26.9 26.9 7.48 0 0
7.46 26.9 26.9 7.46 0 0
7.34 26.4 26.4 7.34 0 0
7.13 25.7 25.7 7.13 0 0

count = 32 timestamp = 2024-03-30 10:46:02+00:00
6.94 25.0 25.0 39.34 54 79
7.12 25.6 25.6 64.72 54 80
7.2 25.9 25.9 75.6 54 80
7.24 26.1 26.1 50.44 54 80
7.38 26.6 26.6 64.98 54 81
7.47 26.9 26.9 50.67 54 81
7.5 27.0 27.0 65.1 54 81
7.38 26.6 26.6 50.58 54 81
7.5 27.0 27.0 65.1 54 81
7.53 27.1 27.1 -474.87 54 81
7.55 27.2 27.2 7.55 0 0
7.62 27.4 27.4 7.62 0 0
7.66 27.6 27.6 7.66 0 0
7.66 27.6 27.6 7.66 0 0
7.79 28.0 28.0 7.79 0 0
7.72 27.8 27.8 7.72 0 0
7.8 28.1 28.1 7.8 0 0
7.95 28.6 28.6 7.95 0 0
7.75 27.9 27.9 7.75 0 0
7.63 27.5 27.5 7.63 0 0
7.58 27.3 27.3 7.58 0 0
7.61 27.4 27.4 7.61 0 0
7.76 27.9 27.9 7.76 0 0
7.75 27.9 27.9 7.75 0 0
7.61 27.4 27.4 7.61 0 0

count = 33 timestamp = 2024-03-30 10:52:50+00:00
7.46 26.8 26.8 39.85 43 70
7.38 26.6 26.6 50.58 54 81
7.38 26.6 26.6 64.98 54 81
7.68 27.6 27.6 54.48 54 82
7.52 27.1 27.1 61.52 54 81
7.79 28.0 28.0 65.39 54 82
7.78 28.0 28.0 61.78 54 82
7.64 27.5 27.5 54.44 54 82
7.48 26.9 26.9 65.08 54 81
7.67 27.6 27.6 -442.33 54 82
7.61 27.4 27.4 7.61 0 0
7.72 27.8 27.8 7.72 0 0
7.85 28.2 28.2 7.85 0 0
7.54 27.1 27.1 7.54 0 0
7.76 27.9 27.9 7.76 0 0
7.64 27.5 27.5 7.64 0 0
7.74 27.9 27.9 7.74 0 0
7.66 27.6 27.6 7.66 0 0
7.59 27.3 27.3 7.59 0 0
7.81 28.1 28.1 7.81 0 0
7.88 28.4 28.4 7.88 0 0
7.8 28.1 28.1 7.8 0 0
7.74 27.9 27.9 7.74 0 0
7.64 27.5 27.5 7.64 0 0
7.48 26.9 26.9 7.48 0 0

count = 34 timestamp = 2024-03-30 11:01:43+00:00
5.88 21.2 21.2 38.28 43 65
6.04 21.7 21.7 52.84 54 76
6.27 22.6 22.6 60.27 54 77
6.09 21.9 21.9 74.49 65 87
6.26 22.5 22.5 63.86 65 88
6.76 24.4 24.4 -263.24 65 89
6.7 24.1 24.1 6.7 0 0
6.63 23.9 23.9 6.63 0 0
6.62 23.9 23.9 6.62 0 0
6.62 23.9 23.9 6.62 0 0
7.0 25.2 25.2 7.0 0 0
7.22 26.0 26.0 7.22 0 0
7.33 26.4 26.4 7.33 0 0
7.29 26.2 26.2 7.29 0 0
7.19 25.9 25.9 7.19 0 0
7.25 26.1 26.1 7.25 0 0
7.14 25.7 25.7 7.14 0 0
7.3 26.3 26.3 7.3 0 0
7.29 26.2 26.2 7.29 0 0
7.31 26.3 26.3 7.31 0 0
7.5 27.0 27.0 7.5 0 0
7.73 27.8 27.8 7.73 0 0
7.67 27.6 27.6 7.67 0 0
7.69 27.7 27.7 7.69 0 0
7.72 27.8 27.8 7.72 0 0

count = 35 timestamp = 2024-03-30 11:07:44+00:00
7.27 26.2 26.2 39.67 43 69
7.27 26.2 26.2 39.67 43 70
7.36 26.5 26.5 64.96 43 69
7.35 26.5 26.5 54.15 43 69
7.26 26.1 26.1 50.46 43 69
7.26 26.1 26.1 39.66 43 69
7.27 26.2 26.2 54.07 43 69
7.23 26.0 26.0 39.63 43 69
7.2 25.9 25.9 54.0 43 69
7.33 26.4 26.4 50.53 43 69
7.35 26.5 26.5 -417.45 43 70
7.42 26.7 26.7 7.42 0 0
7.34 26.4 26.4 7.34 0 0
7.16 25.8 25.8 7.16 0 0
7.16 25.8 25.8 7.16 0 0
7.03 25.3 25.3 7.03 0 0
6.99 25.2 25.2 6.99 0 0
6.91 24.9 24.9 6.91 0 0
6.77 24.4 24.4 6.77 0 0
6.78 24.4 24.4 6.78 0 0
6.75 24.3 24.3 6.75 0 0
6.68 24.1 24.1 6.68 0 0
6.65 24.0 24.0 6.65 0 0
6.71 24.2 24.2 6.71 0 0
6.75 24.3 24.3 6.75 0 0

count = 36 timestamp = 2024-03-30 11:11:04+00:00
6.57 23.6 23.6 38.97 43 67
6.72 24.2 24.2 53.52 43 68
7.08 25.5 25.5 50.28 43 69
7.33 26.4 26.4 54.12 43 71
7.73 27.8 27.8 61.73 54 83
8.02 28.9 28.9 54.82 54 83
8.11 29.2 29.2 51.31 54 84
8.3 29.9 29.9 55.1 54 84
8.4 30.2 30.2 -362.4 54 84
8.4 30.2 30.2 8.4 0 0
8.89 32.0 32.0 8.89 0 0
8.93 32.1 32.1 8.93 0 0
9.08 32.7 32.7 9.08 0 0
9.11 32.8 32.8 9.11 0 0
9.28 33.4 33.4 9.28 0 0
9.4 33.9 33.9 9.4 0 0
9.61 34.6 34.6 9.61 0 0
9.43 34.0 34.0 9.43 0 0
9.34 33.6 33.6 9.34 0 0
9.15 33.0 33.0 9.15 0 0
9.24 33.3 33.3 9.24 0 0
9.38 33.8 33.8 9.38 0 0
9.14 32.9 32.9 9.14 0 0
8.95 32.2 32.2 8.95 0 0
8.9 32.0 32.0 8.9 0 0

count = 37 timestamp = 2024-03-30 11:18:45+00:00
6.45 23.2 23.2 17.25 11 35
6.59 23.7 23.7 17.39 11 35
6.46 23.2 23.2 17.26 22 45
6.48 23.3 23.3 17.28 22 45
6.42 23.1 23.1 28.02 22 45
6.44 23.2 23.2 17.24 22 45
6.48 23.3 23.3 42.48 22 45
6.42 23.1 23.1 28.02 32 55
6.37 22.9 22.9 38.77 32 55
6.27 22.6 22.6 53.07 32 55
6.33 22.8 22.8 27.93 32 55
6.3 22.7 22.7 42.3 32 54
6.23 22.4 22.4 49.43 32 55
6.34 22.8 22.8 38.74 43 66
6.32 22.7 22.7 42.32 43 66
6.31 22.7 22.7 38.71 32 55
6.4 23.0 23.0 42.4 32 55
6.39 23.0 23.0 49.59 32 55
6.82 24.6 24.6 -486.38 32 57
6.85 24.7 24.7 6.85 0 0
6.83 24.6 24.6 6.83 0 0
6.95 25.0 25.0 6.95 0 0
6.96 25.1 25.1 6.96 0 0
7.03 25.3 25.3 7.03 0 0
6.99 25.2 25.2 6.99 0 0

count = 38 timestamp = 2024-03-30 11:18:48+00:00
6.51 23.4 23.4 6.51 22 45
6.47 23.3 23.3 38.87 32 55
6.42 23.1 23.1 -36.78 32 55
6.45 23.2 23.2 17.25 11 35
6.59 23.7 23.7 17.39 11 35
6.46 23.2 23.2 17.26 22 45
6.48 23.3 23.3 17.28 22 45
6.42 23.1 23.1 28.02 22 45
6.44 23.2 23.2 17.24 22 45
6.48 23.3 23.3 42.48 22 45
6.42 23.1 23.1 28.02 32 55
6.37 22.9 22.9 38.77 32 55
6.27 22.6 22.6 53.07 32 55
6.33 22.8 22.8 27.93 32 55
6.3 22.7 22.7 42.3 32 54
6.23 22.4 22.4 49.43 32 55
6.34 22.8 22.8 38.74 43 66
6.32 22.7 22.7 42.32 43 66
6.31 22.7 22.7 38.71 32 55
6.4 23.0 23.0 42.4 32 55
6.39 23.0 23.0 49.59 32 55
6.82 24.6 24.6 -486.38 32 57
6.85 24.7 24.7 6.85 0 0
6.83 24.6 24.6 6.83 0 0
6.95 25.0 25.0 6.95 0 0

count = 39 timestamp = 2024-03-30 11:27:47+00:00
7.95 28.6 28.6 40.35 43 72
7.41 26.7 26.7 65.01 54 81
7.21 26.0 26.0 -104.39 54 80
7.09 25.5 25.5 7.09 0 0
6.8 24.5 24.5 6.8 0 0
6.88 24.8 24.8 6.88 0 0
6.92 24.9 24.9 6.92 0 0
6.75 24.3 24.3 6.75 0 0
6.75 24.3 24.3 6.75 0 0
6.62 23.8 23.8 6.62 0 0
6.75 24.3 24.3 6.75 0 0
6.87 24.7 24.7 6.87 0 0
7.12 25.6 25.6 7.12 0 0
7.19 25.9 25.9 7.19 0 0
7.12 25.6 25.6 7.12 0 0
7.12 25.6 25.6 7.12 0 0
7.45 26.8 26.8 7.45 0 0
7.61 27.4 27.4 7.61 0 0
7.35 26.5 26.5 7.35 0 0
7.07 25.5 25.5 7.07 0 0
7.25 26.1 26.1 7.25 0 0
6.92 24.9 24.9 6.92 0 0
7.01 25.2 25.2 7.01 0 0
6.75 24.3 24.3 6.75 0 0
6.71 24.2 24.2 6.71 0 0

count = 40 timestamp = 2024-03-30 11:30:02+00:00
0.0 0.0 0.0 90.0 86 86
0.0 0.0 0.0 79.2 97 97
0.0 0.0 0.0 -201.6 97 97
0.0 0.0 0.0 0.0 0 0
0.0 0.0 0.0 43.2 0 0
0.0 0.0 0.0 79.2 76 76
0.0 0.0 0.0 90.0 86 86
0.0 0.0 0.0 90.0 97 97
0.0 0.0 0.0 90.0 97 97
0.0 0.0 0.0 -392.4 97 97
0.0 0.0 0.0 0.0 0 0
0.0 0.0 0.0 43.2 0 0
0.0 0.0 0.0 57.6 65 65
0.0 0.0 0.0 79.2 65 65
0.0 0.0 0.0 64.8 76 76
0.0 0.0 0.0 -244.8 76 76
0.0 0.0 0.0 0.0 0 0
0.0 0.0 0.0 0.0 0 0
0.0 0.0 0.0 0.0 0 0
0.0 0.0 0.0 43.2 0 0
0.0 0.0 0.0 0.0 65 65
0.0 0.0 0.0 68.4 65 65
0.0 0.0 0.0 -111.6 76 76
0.0 0.0 0.0 0.0 0 0
0.0 0.0 0.0 0.0 0 0

count = 41 timestamp = 2024-03-30 11:31:04+00:00
0.0 0.0 0.0 90.0 76 76
0.0 0.0 0.0 79.2 86 86
0.0 0.0 0.0 79.2 86 86
0.0 0.0 0.0 -280.8 86 86
0.0 0.0 0.0 0.0 0 0
0.0 0.0 0.0 0.0 0 0
0.0 0.0 0.0 0.0 0 0
0.0 0.0 0.0 0.0 0 0
0.0 0.0 0.0 0.0 0 0
0.0 0.0 0.0 0.0 0 0
0.0 0.0 0.0 0.0 0 0
0.0 0.0 0.0 0.0 0 0
0.0 0.0 0.0 0.0 0 0
0.0 0.0 0.0 0.0 0 0
0.0 0.0 0.0 0.0 0 0
0.0 0.0 0.0 0.0 0 0
0.0 0.0 0.0 0.0 0 0
0.0 0.0 0.0 0.0 0 0
0.0 0.0 0.0 0.0 0 0
0.0 0.0 0.0 0.0 0 0
0.0 0.0 0.0 0.0 0 0
0.0 0.0 0.0 0.0 0 0
0.0 0.0 0.0 0.0 0 0
0.0 0.0 0.0 0.0 0 0
0.0 0.0 0.0 0.0 0 0

count = 42 timestamp = 2024-03-30 11:31:14+00:00
0.0 0.0 0.0 68.4 65 65
0.0 0.0 0.0 75.6 76 76
0.0 0.0 0.0 68.4 76 76
0.0 0.0 0.0 -234.0 76 76
0.0 0.0 0.0 0.0 0 0
0.0 0.0 0.0 0.0 0 0
0.0 0.0 0.0 0.0 0 0
0.0 0.0 0.0 0.0 0 0
0.0 0.0 0.0 0.0 0 0
0.0 0.0 0.0 32.4 0 0
0.0 0.0 0.0 90.0 76 76
0.0 0.0 0.0 79.2 86 86
0.0 0.0 0.0 79.2 86 86
0.0 0.0 0.0 -280.8 86 86
0.0 0.0 0.0 0.0 0 0
0.0 0.0 0.0 0.0 0 0
0.0 0.0 0.0 0.0 0 0
0.0 0.0 0.0 0.0 0 0
0.0 0.0 0.0 0.0 0 0
0.0 0.0 0.0 0.0 0 0
0.0 0.0 0.0 0.0 0 0
0.0 0.0 0.0 0.0 0 0
0.0 0.0 0.0 0.0 0 0
0.0 0.0 0.0 0.0 0 0
0.0 0.0 0.0 0.0 0 0

count = 43 timestamp = 2024-03-30 11:31:29+00:00
0.0 0.0 0.0 54.0 65 65
0.0 0.0 0.0 79.2 65 65
0.0 0.0 0.0 79.2 76 76
0.0 0.0 0.0 68.4 76 76
0.0 0.0 0.0 -291.6 76 76
0.0 0.0 0.0 0.0 0 0
0.0 0.0 0.0 0.0 0 0
0.0 0.0 0.0 0.0 0 0
0.0 0.0 0.0 0.0 0 0
0.0 0.0 0.0 0.0 0 0
0.0 0.0 0.0 0.0 0 0
0.0 0.0 0.0 0.0 0 0
0.0 0.0 0.0 0.0 0 0
0.0 0.0 0.0 0.0 0 0
0.0 0.0 0.0 21.6 0 0
0.0 0.0 0.0 68.4 65 65
0.0 0.0 0.0 75.6 76 76
0.0 0.0 0.0 68.4 76 76
0.0 0.0 0.0 -234.0 76 76
0.0 0.0 0.0 0.0 0 0
0.0 0.0 0.0 0.0 0 0
0.0 0.0 0.0 0.0 0 0
0.0 0.0 0.0 0.0 0 0
0.0 0.0 0.0 0.0 0 0
0.0 0.0 0.0 32.4 0 0

count = 44 timestamp = 2024-03-30 11:31:53+00:00
0.0 0.0 0.0 79.2 76 76
0.0 0.0 0.0 75.6 86 86
0.0 0.0 0.0 90.0 86 86
0.0 0.0 0.0 -255.6 86 86
0.0 0.0 0.0 0.0 0 0
0.0 0.0 0.0 0.0 0 0
0.0 0.0 0.0 0.0 0 0
0.0 0.0 0.0 0.0 0 0
0.0 0.0 0.0 0.0 0 0
0.0 0.0 0.0 0.0 0 0
0.0 0.0 0.0 0.0 0 0
0.0 0.0 0.0 0.0 0 0
0.0 0.0 0.0 0.0 0 0
0.0 0.0 0.0 0.0 0 0
0.0 0.0 0.0 0.0 0 0
0.0 0.0 0.0 0.0 0 0
0.0 0.0 0.0 0.0 0 0
0.0 0.0 0.0 0.0 0 0
0.0 0.0 0.0 0.0 0 0
0.0 0.0 0.0 0.0 0 0
0.0 0.0 0.0 0.0 0 0
0.0 0.0 0.0 0.0 0 0
0.0 0.0 0.0 0.0 0 0
0.0 0.0 0.0 10.8 0 0
0.0 0.0 0.0 54.0 65 65

count = 45 timestamp = 2024-03-30 11:33:19+00:00
0.0 0.0 0.0 64.8 65 65
0.0 0.0 0.0 68.4 65 65
0.0 0.0 0.0 79.2 76 76
0.0 0.0 0.0 79.2 76 76
0.0 0.0 0.0 -302.4 76 76
0.0 0.0 0.0 0.0 0 0
0.0 0.0 0.0 0.0 0 0
0.0 0.0 0.0 0.0 0 0
0.0 0.0 0.0 0.0 0 0
0.0 0.0 0.0 0.0 0 0
0.0 0.0 0.0 0.0 0 0
0.0 0.0 0.0 0.0 0 0
0.0 0.0 0.0 0.0 0 0
0.0 0.0 0.0 0.0 0 0
0.0 0.0 0.0 0.0 0 0
0.0 0.0 0.0 0.0 0 0
0.0 0.0 0.0 0.0 0 0
0.0 0.0 0.0 0.0 0 0
0.0 0.0 0.0 0.0 0 0
0.0 0.0 0.0 0.0 0 0
0.0 0.0 0.0 0.0 0 0
0.0 0.0 0.0 0.0 0 0
0.0 0.0 0.0 0.0 0 0
0.0 0.0 0.0 0.0 0 0
0.0 0.0 0.0 0.0 0 0

count = 46 timestamp = 2024-03-30 11:33:28+00:00
0.0 0.0 0.0 75.6 76 76
0.0 0.0 0.0 79.2 76 76
0.0 0.0 0.0 -154.8 86 86
0.0 0.0 0.0 0.0 0 0
0.0 0.0 0.0 0.0 0 0
0.0 0.0 0.0 0.0 0 0
0.0 0.0 0.0 0.0 0 0
0.0 0.0 0.0 10.8 0 0
0.0 0.0 0.0 64.8 65 65
0.0 0.0 0.0 68.4 65 65
0.0 0.0 0.0 79.2 76 76
0.0 0.0 0.0 79.2 76 76
0.0 0.0 0.0 -302.4 76 76
0.0 0.0 0.0 0.0 0 0
0.0 0.0 0.0 0.0 0 0
0.0 0.0 0.0 0.0 0 0
0.0 0.0 0.0 0.0 0 0
0.0 0.0 0.0 0.0 0 0
0.0 0.0 0.0 0.0 0 0
0.0 0.0 0.0 0.0 0 0
0.0 0.0 0.0 0.0 0 0
0.0 0.0 0.0 0.0 0 0
0.0 0.0 0.0 0.0 0 0
0.0 0.0 0.0 0.0 0 0
0.0 0.0 0.0 0.0 0 0

count = 47 timestamp = 2024-03-30 11:37:40+00:00
0.0 0.0 0.0 68.4 65 65
0.0 0.0 0.0 64.8 76 76
0.0 0.0 0.0 79.2 76 76
0.0 0.0 0.0 79.2 76 76
0.0 0.0 0.0 79.2 86 86
0.0 0.0 0.0 -392.4 86 86
0.0 0.0 0.0 0.0 0 0
0.0 0.0 0.0 0.0 0 0
0.0 0.0 0.0 0.0 0 0
0.0 0.0 0.0 0.0 0 0
0.0 0.0 0.0 0.0 0 0
0.0 0.0 0.0 0.0 0 0
0.0 0.0 0.0 0.0 0 0
0.0 0.0 0.0 0.0 0 0
0.0 0.0 0.0 0.0 0 0
0.0 0.0 0.0 0.0 0 0
0.0 0.0 0.0 0.0 0 0
0.0 0.0 0.0 0.0 0 0
0.0 0.0 0.0 0.0 0 0
0.0 0.0 0.0 0.0 0 0
0.0 0.0 0.0 0.0 0 0
0.0 0.0 0.0 0.0 0 0
0.0 0.0 0.0 0.0 0 0
0.0 0.0 0.0 0.0 0 0
0.0 0.0 0.0 0.0 0 0

count = 48 timestamp = 2024-03-30 11:37:42+00:00
0.0 0.0 0.0 64.8 65 65
0.0 0.0 0.0 -54.0 76 76
0.0 0.0 0.0 68.4 65 65
0.0 0.0 0.0 64.8 76 76
0.0 0.0 0.0 79.2 76 76
0.0 0.0 0.0 79.2 76 76
0.0 0.0 0.0 79.2 86 86
0.0 0.0 0.0 -392.4 86 86
0.0 0.0 0.0 0.0 0 0
0.0 0.0 0.0 0.0 0 0
0.0 0.0 0.0 0.0 0 0
0.0 0.0 0.0 0.0 0 0
0.0 0.0 0.0 0.0 0 0
0.0 0.0 0.0 0.0 0 0
0.0 0.0 0.0 0.0 0 0
0.0 0.0 0.0 0.0 0 0
0.0 0.0 0.0 0.0 0 0
0.0 0.0 0.0 0.0 0 0
0.0 0.0 0.0 0.0 0 0
0.0 0.0 0.0 0.0 0 0
0.0 0.0 0.0 0.0 0 0
0.0 0.0 0.0 0.0 0 0
0.0 0.0 0.0 0.0 0 0
0.0 0.0 0.0 0.0 0 0
0.0 0.0 0.0 0.0 0 0

count = 49 timestamp = 2024-03-30 11:37:43+00:00
0.0 0.0 0.0 0.0 65 65
0.0 0.0 0.0 64.8 65 65
0.0 0.0 0.0 -54.0 76 76
0.0 0.0 0.0 68.4 65 65
0.0 0.0 0.0 64.8 76 76
0.0 0.0 0.0 79.2 76 76
0.0 0.0 0.0 79.2 76 76
0.0 0.0 0.0 79.2 86 86
0.0 0.0 0.0 -392.4 86 86
0.0 0.0 0.0 0.0 0 0
0.0 0.0 0.0 0.0 0 0
0.0 0.0 0.0 0.0 0 0
0.0 0.0 0.0 0.0 0 0
0.0 0.0 0.0 0.0 0 0
0.0 0.0 0.0 0.0 0 0
0.0 0.0 0.0 0.0 0 0
0.0 0.0 0.0 0.0 0 0
0.0 0.0 0.0 0.0 0 0
0.0 0.0 0.0 0.0 0 0
0.0 0.0 0.0 0.0 0 0
0.0 0.0 0.0 0.0 0 0
0.0 0.0 0.0 0.0 0 0
0.0 0.0 0.0 0.0 0 0
0.0 0.0 0.0 0.0 0 0
0.0 0.0 0.0 0.0 0 0

count = 50 timestamp = 2024-03-30 11:37:50+00:00
0.0 0.0 0.0 21.6 22 22
0.0 0.0 0.0 21.6 22 22
0.0 0.0 0.0 10.8 22 22
0.0 0.0 0.0 36.0 32 32
0.0 0.0 0.0 54.0 43 43
0.0 0.0 0.0 46.8 54 54
0.0 0.0 0.0 -190.8 65 65
0.0 0.0 0.0 0.0 65 65
0.0 0.0 0.0 64.8 65 65
0.0 0.0 0.0 -54.0 76 76
0.0 0.0 0.0 68.4 65 65
0.0 0.0 0.0 64.8 76 76
0.0 0.0 0.0 79.2 76 76
0.0 0.0 0.0 79.2 76 76
0.0 0.0 0.0 79.2 86 86
0.0 0.0 0.0 -392.4 86 86
0.0 0.0 0.0 0.0 0 0
0.0 0.0 0.0 0.0 0 0
0.0 0.0 0.0 0.0 0 0
0.0 0.0 0.0 0.0 0 0
0.0 0.0 0.0 0.0 0 0
0.0 0.0 0.0 0.0 0 0
0.0 0.0 0.0 0.0 0 0
0.0 0.0 0.0 0.0 0 0
0.0 0.0 0.0 0.0 0 0

count = 51 timestamp = 2024-03-30 11:37:56+00:00
0.0 0.0 0.0 79.2 86 86
0.0 0.0 0.0 100.8 97 97
0.0 0.0 0.0 100.8 97 97
0.0 0.0 0.0 -302.4 97 97
0.0 0.0 0.0 0.0 0 0
0.0 0.0 0.0 10.8 0 0
0.0 0.0 0.0 21.6 22 22
0.0 0.0 0.0 21.6 22 22
0.0 0.0 0.0 10.8 22 22
0.0 0.0 0.0 36.0 32 32
0.0 0.0 0.0 54.0 43 43
0.0 0.0 0.0 46.8 54 54
0.0 0.0 0.0 -190.8 65 65
0.0 0.0 0.0 0.0 65 65
0.0 0.0 0.0 64.8 65 65
0.0 0.0 0.0 -54.0 76 76
0.0 0.0 0.0 68.4 65 65
0.0 0.0 0.0 64.8 76 76
0.0 0.0 0.0 79.2 76 76
0.0 0.0 0.0 79.2 76 76
0.0 0.0 0.0 79.2 86 86
0.0 0.0 0.0 -392.4 86 86
0.0 0.0 0.0 0.0 0 0
0.0 0.0 0.0 0.0 0 0
0.0 0.0 0.0 0.0 0 0

count = 52 timestamp = 2024-03-30 11:38:12+00:00
0.0 0.0 0.0 54.0 65 65
0.0 0.0 0.0 79.2 65 65
0.0 0.0 0.0 68.4 76 76
0.0 0.0 0.0 79.2 76 76
0.0 0.0 0.0 -291.6 76 76
0.0 0.0 0.0 0.0 0 0
0.0 0.0 0.0 0.0 0 0
0.0 0.0 0.0 0.0 0 0
0.0 0.0 0.0 0.0 0 0
0.0 0.0 0.0 0.0 0 0
0.0 0.0 0.0 0.0 0 0
0.0 0.0 0.0 0.0 0 0
0.0 0.0 0.0 0.0 0 0
0.0 0.0 0.0 0.0 0 0
0.0 0.0 0.0 0.0 0 0
0.0 0.0 0.0 21.6 0 0
0.0 0.0 0.0 79.2 86 86
0.0 0.0 0.0 100.8 97 97
0.0 0.0 0.0 100.8 97 97
0.0 0.0 0.0 -302.4 97 97
0.0 0.0 0.0 0.0 0 0
0.0 0.0 0.0 10.8 0 0
0.0 0.0 0.0 21.6 22 22
0.0 0.0 0.0 21.6 22 22
0.0 0.0 0.0 10.8 22 22

count = 53 timestamp = 2024-03-30 11:38:18+00:00
0.0 0.0 0.0 57.6 65 65
0.0 0.0 0.0 75.6 65 65
0.0 0.0 0.0 -111.6 76 76
0.0 0.0 0.0 68.4 65 65
0.0 0.0 0.0 -79.2 65 65
0.0 0.0 0.0 -32.4 65 65
0.0 0.0 0.0 54.0 65 65
0.0 0.0 0.0 79.2 65 65
0.0 0.0 0.0 68.4 76 76
0.0 0.0 0.0 79.2 76 76
0.0 0.0 0.0 -291.6 76 76
0.0 0.0 0.0 0.0 0 0
0.0 0.0 0.0 0.0 0 0
0.0 0.0 0.0 0.0 0 0
0.0 0.0 0.0 0.0 0 0
0.0 0.0 0.0 0.0 0 0
0.0 0.0 0.0 0.0 0 0
0.0 0.0 0.0 0.0 0 0
0.0 0.0 0.0 0.0 0 0
0.0 0.0 0.0 0.0 0 0
0.0 0.0 0.0 0.0 0 0
0.0 0.0 0.0 21.6 0 0
0.0 0.0 0.0 79.2 86 86
0.0 0.0 0.0 100.8 97 97
0.0 0.0 0.0 100.8 97 97

count = 54 timestamp = 2024-03-30 11:38:34+00:00
0.0 0.0 0.0 64.8 76 76
0.0 0.0 0.0 79.2 76 76
0.0 0.0 0.0 68.4 86 86
0.0 0.0 0.0 32.4 86 86
0.0 0.0 0.0 -255.6 86 86
0.0 0.0 0.0 0.0 0 0
0.0 0.0 0.0 0.0 0 0
0.0 0.0 0.0 0.0 0 0
0.0 0.0 0.0 64.8 0 0
0.0 0.0 0.0 79.2 76 76
0.0 0.0 0.0 79.2 76 76
0.0 0.0 0.0 79.2 76 76
0.0 0.0 0.0 -302.4 76 76
0.0 0.0 0.0 32.4 0 0
0.0 0.0 0.0 57.6 65 65
0.0 0.0 0.0 75.6 65 65
0.0 0.0 0.0 -111.6 76 76
0.0 0.0 0.0 68.4 65 65
0.0 0.0 0.0 -79.2 65 65
0.0 0.0 0.0 -32.4 65 65
0.0 0.0 0.0 54.0 65 65
0.0 0.0 0.0 79.2 65 65
0.0 0.0 0.0 68.4 76 76
0.0 0.0 0.0 79.2 76 76
0.0 0.0 0.0 -291.6 76 76

count = 55 timestamp = 2024-03-30 11:39:08+00:00
0.0 0.0 0.0 79.2 76 76
0.0 0.0 0.0 75.6 86 86
0.0 0.0 0.0 90.0 86 86
0.0 0.0 0.0 -255.6 86 86
0.0 0.0 0.0 0.0 0 0
0.0 0.0 0.0 64.8 0 0
0.0 0.0 0.0 90.0 86 86
0.0 0.0 0.0 100.8 97 97
0.0 0.0 0.0 90.0 97 97
0.0 0.0 0.0 -345.6 97 97
0.0 0.0 0.0 0.0 0 0
0.0 0.0 0.0 0.0 0 0
0.0 0.0 0.0 0.0 0 0
0.0 0.0 0.0 0.0 0 0
0.0 0.0 0.0 0.0 0 0
0.0 0.0 0.0 0.0 0 0
0.0 0.0 0.0 0.0 0 0
0.0 0.0 0.0 0.0 0 0
0.0 0.0 0.0 0.0 0 0
0.0 0.0 0.0 0.0 0 0
0.0 0.0 0.0 0.0 0 0
0.0 0.0 0.0 0.0 0 0
0.0 0.0 0.0 43.2 0 0
0.0 0.0 0.0 32.4 65 65
0.0 0.0 0.0 0.0 76 76

count = 56 timestamp = 2024-03-30 11:40:15+00:00
7.75 27.9 27.9 18.55 22 50
7.82 28.1 28.1 40.22 32 60
7.89 28.4 28.4 7.89 22 50
7.84 28.2 28.2 40.24 22 50
7.77 28.0 28.0 22.17 22 50
7.74 27.9 27.9 29.34 22 50
7.71 27.7 27.7 18.51 22 50
7.64 27.5 27.5 29.24 22 50
7.61 27.4 27.4 43.61 32 59
7.4 26.6 26.6 39.8 32 59
7.15 25.7 25.7 64.75 43 69
6.96 25.1 25.1 50.16 54 79
6.91 24.9 24.9 75.31 65 90
6.8 24.5 24.5 -374.8 65 89
6.71 24.2 24.2 6.71 0 0
6.41 23.1 23.1 6.41 0 0
5.96 21.5 21.5 5.96 0 0
5.57 20.1 20.1 5.57 0 0
5.03 18.1 18.1 5.03 0 0
4.38 15.8 15.8 4.38 0 0
4.38 15.8 15.8 4.38 0 0
3.12 11.2 11.2 3.12 0 0
2.65 9.5 9.5 2.65 0 0
2.14 7.7 7.7 2.14 0 0
2.02 7.3 7.3 2.02 0 0

count = 57 timestamp = 2024-03-30 11:41:51+00:00
8.24 29.7 29.7 29.84 32 62
8.2 29.5 29.5 40.6 43 73
8.12 29.2 29.2 54.92 43 72
8.04 29.0 29.0 40.44 43 72
8.38 30.2 30.2 55.18 43 73
8.3 29.9 29.9 51.5 43 73
8.14 29.3 29.3 54.94 43 72
8.33 30.0 30.0 51.53 43 73
8.41 30.3 30.3 40.81 43 73
8.34 30.0 30.0 55.14 43 73
8.21 29.6 29.6 51.41 43 73
8.24 29.7 29.7 -427.36 43 73
8.19 29.5 29.5 8.19 0 0
8.42 30.3 30.3 8.42 0 0
8.26 29.7 29.7 8.26 0 0
8.2 29.5 29.5 8.2 0 0
8.32 30.0 30.0 8.32 0 0
8.44 30.4 30.4 8.44 0 0
8.44 30.4 30.4 8.44 0 0
8.46 30.5 30.5 8.46 0 0
8.53 30.7 30.7 8.53 0 0
8.54 30.7 30.7 8.54 0 0
8.48 30.5 30.5 8.48 0 0
8.32 30.0 30.0 8.32 0 0
8.43 30.3 30.3 8.43 0 0

count = 58 timestamp = 2024-03-30 11:42:32+00:00
7.04 25.4 25.4 39.45 43 68
7.2 25.9 25.9 64.8 54 80
7.27 26.2 26.2 61.27 54 80
7.29 26.2 26.2 54.09 54 80
7.29 26.2 26.2 50.49 43 69
7.26 26.1 26.1 54.06 43 69
7.31 26.3 26.3 50.51 43 69
7.43 26.7 26.7 65.03 43 70
7.42 26.7 26.7 39.82 43 70
7.55 27.2 27.2 65.15 43 70
7.65 27.5 27.5 29.25 54 82
7.57 27.2 27.2 -496.43 54 81
7.46 26.9 26.9 7.46 0 0
7.54 27.1 27.1 7.54 0 0
7.69 27.7 27.7 7.69 0 0
7.66 27.6 27.6 7.66 0 0
7.73 27.8 27.8 7.73 0 0
7.73 27.8 27.8 7.73 0 0
7.75 27.9 27.9 7.75 0 0
7.84 28.2 28.2 7.84 0 0
7.86 28.3 28.3 7.86 0 0
7.86 28.3 28.3 7.86 0 0
8.02 28.9 28.9 8.02 0 0
8.01 28.8 28.8 8.01 0 0
7.97 28.7 28.7 7.97 0 0

count = 59 timestamp = 2024-03-30 11:48:16+00:00
6.84 24.6 24.6 17.64 22 47
6.94 25.0 25.0 28.54 22 47
6.99 25.2 25.2 17.79 22 47
6.98 25.1 25.1 28.58 22 47
6.82 24.6 24.6 32.02 22 47
6.57 23.6 23.6 28.17 22 46
6.53 23.5 23.5 28.13 22 46
6.62 23.8 23.8 39.02 22 46
6.42 23.1 23.1 42.42 22 45
6.37 22.9 22.9 27.97 32 55
6.34 22.8 22.8 27.94 32 55
6.11 22.0 22.0 42.11 32 54
6.2 22.3 22.3 -274.6 32 54
6.1 22.0 22.0 6.1 0 0
6.3 22.7 22.7 6.3 0 0
6.08 21.9 21.9 6.08 0 0
6.26 22.5 22.5 6.26 0 0
6.3 22.7 22.7 6.3 0 0
6.4 23.0 23.0 6.4 0 0
6.45 23.2 23.2 6.45 0 0
6.42 23.1 23.1 6.42 0 0
6.36 22.9 22.9 6.36 0 0
6.62 23.9 23.9 6.62 0 0
6.54 23.5 23.5 6.54 0 0
6.51 23.4 23.4 6.51 0 0

count = 60 timestamp = 2024-03-30 11:48:19+00:00
6.8 24.5 24.5 6.8 22 46
6.89 24.8 24.8 28.49 22 47
6.77 24.4 24.4 -25.63 22 46
6.84 24.6 24.6 17.64 22 47
6.94 25.0 25.0 28.54 22 47
6.99 25.2 25.2 17.79 22 47
6.98 25.1 25.1 28.58 22 47
6.82 24.6 24.6 32.02 22 47
6.57 23.6 23.6 28.17 22 46
6.53 23.5 23.5 28.13 22 46
6.62 23.8 23.8 39.02 22 46
6.42 23.1 23.1 42.42 22 45
6.37 22.9 22.9 27.97 32 55
6.34 22.8 22.8 27.94 32 55
6.11 22.0 22.0 42.11 32 54
6.2 22.3 22.3 -274.6 32 54
6.1 22.0 22.0 6.1 0 0
6.3 22.7 22.7 6.3 0 0
6.08 21.9 21.9 6.08 0 0
6.26 22.5 22.5 6.26 0 0
6.3 22.7 22.7 6.3 0 0
6.4 23.0 23.0 6.4 0 0
6.45 23.2 23.2 6.45 0 0
6.42 23.1 23.1 6.42 0 0
6.36 22.9 22.9 6.36 0 0

count = 61 timestamp = 2024-03-30 11:48:22+00:00
6.54 23.5 23.5 17.34 22 46
6.83 24.6 24.6 28.43 32 57
6.86 24.7 24.7 -25.54 32 57
6.8 24.5 24.5 6.8 22 46
6.89 24.8 24.8 28.49 22 47
6.77 24.4 24.4 -25.63 22 46
6.84 24.6 24.6 17.64 22 47
6.94 25.0 25.0 28.54 22 47
6.99 25.2 25.2 17.79 22 47
6.98 25.1 25.1 28.58 22 47
6.82 24.6 24.6 32.02 22 47
6.57 23.6 23.6 28.17 22 46
6.53 23.5 23.5 28.13 22 46
6.62 23.8 23.8 39.02 22 46
6.42 23.1 23.1 42.42 22 45
6.37 22.9 22.9 27.97 32 55
6.34 22.8 22.8 27.94 32 55
6.11 22.0 22.0 42.11 32 54
6.2 22.3 22.3 -274.6 32 54
6.1 22.0 22.0 6.1 0 0
6.3 22.7 22.7 6.3 0 0
6.08 21.9 21.9 6.08 0 0
6.26 22.5 22.5 6.26 0 0
6.3 22.7 22.7 6.3 0 0
6.4 23.0 23.0 6.4 0 0

count = 62 timestamp = 2024-03-30 11:53:34+00:00
6.42 23.1 23.1 28.02 32 55
6.75 24.3 24.3 42.75 43 67
7.03 25.3 25.3 50.23 43 68
7.33 26.4 26.4 64.93 43 69
7.57 27.2 27.2 39.97 43 70
7.68 27.6 27.6 54.48 43 71
7.59 27.3 27.3 39.99 43 70
7.7 27.7 27.7 40.1 32 60
7.82 28.1 28.1 -326.98 32 60
7.78 28.0 28.0 7.78 0 0
7.78 28.0 28.0 7.78 0 0
7.89 28.4 28.4 7.89 0 0
7.59 27.3 27.3 7.59 0 0
7.03 25.3 25.3 7.03 0 0
6.88 24.8 24.8 6.88 0 0
6.76 24.4 24.4 6.76 0 0
6.36 22.9 22.9 6.36 0 0
6.07 21.9 21.9 6.07 0 0
6.14 22.1 22.1 6.14 0 0
5.74 20.7 20.7 5.74 0 0
5.37 19.3 19.3 5.37 0 0
4.96 17.9 17.9 4.96 0 0
5.1 18.4 18.4 5.1 0 0
4.87 17.5 17.5 4.87 0 0
4.57 16.5 16.5 4.57 0 0

count = 63 timestamp = 2024-03-30 11:56:29+00:00
7.65 27.5 27.5 29.25 22 50
7.82 28.1 28.1 18.62 22 50
7.7 27.7 27.7 40.1 32 60
7.59 27.3 27.3 43.59 32 59
7.61 27.4 27.4 40.01 32 59
7.23 26.0 26.0 43.23 32 58
7.58 27.3 27.3 39.98 32 59
7.65 27.5 27.5 29.25 32 60
7.54 27.1 27.1 -226.46 32 59
7.35 26.5 26.5 7.35 0 0
7.36 26.5 26.5 7.36 0 0
7.48 26.9 26.9 7.48 0 0
7.31 26.3 26.3 7.31 0 0
7.18 25.9 25.9 7.18 0 0
6.98 25.1 25.1 6.98 0 0
6.83 24.6 24.6 6.83 0 0
6.91 24.9 24.9 6.91 0 0
6.69 24.1 24.1 6.69 0 0
6.47 23.3 23.3 6.47 0 0
6.44 23.2 23.2 6.44 0 0
6.61 23.8 23.8 6.61 0 0
6.35 22.9 22.9 6.35 0 0
6.78 24.4 24.4 6.78 0 0
6.58 23.7 23.7 6.58 0 0
6.61 23.8 23.8 6.61 0 0

count = 64 timestamp = 2024-03-30 11:58:00+00:00
6.22 22.4 22.4 27.82 43 65
6.15 22.1 22.1 52.95 43 65
6.17 22.2 22.2 49.37 43 65
6.25 22.5 22.5 53.05 43 66
6.27 22.6 22.6 49.47 43 66
6.3 22.7 22.7 63.9 43 66
6.44 23.2 23.2 49.64 54 77
6.61 23.8 23.8 64.21 54 78
6.6 23.7 23.7 49.8 54 78
6.66 24.0 24.0 31.86 54 78
6.76 24.4 24.4 49.97 54 78
6.77 24.4 24.4 -486.43 54 78
6.77 24.4 24.4 6.77 0 0
6.84 24.6 24.6 6.84 0 0
6.78 24.4 24.4 6.78 0 0
6.86 24.7 24.7 6.86 0 0
6.79 24.5 24.5 6.79 0 0
6.78 24.4 24.4 6.78 0 0
6.76 24.4 24.4 6.76 0 0
6.63 23.9 23.9 6.63 0 0
6.67 24.0 24.0 6.67 0 0
6.73 24.2 24.2 6.73 0 0
6.83 24.6 24.6 6.83 0 0
6.65 24.0 24.0 6.65 0 0
6.62 23.9 23.9 6.62 0 0

count = 65 timestamp = 2024-03-30 11:58:04+00:00
6.36 22.9 22.9 63.96 54 77
6.2 22.3 22.3 71.0 54 76
6.32 22.7 22.7 63.92 65 88
6.2 22.3 22.3 -184.6 65 87
6.22 22.4 22.4 27.82 43 65
6.15 22.1 22.1 52.95 43 65
6.17 22.2 22.2 49.37 43 65
6.25 22.5 22.5 53.05 43 66
6.27 22.6 22.6 49.47 43 66
6.3 22.7 22.7 63.9 43 66
6.44 23.2 23.2 49.64 54 77
6.61 23.8 23.8 64.21 54 78
6.6 23.7 23.7 49.8 54 78
6.66 24.0 24.0 31.86 54 78
6.76 24.4 24.4 49.97 54 78
6.77 24.4 24.4 -486.43 54 78
6.77 24.4 24.4 6.77 0 0
6.84 24.6 24.6 6.84 0 0
6.78 24.4 24.4 6.78 0 0
6.86 24.7 24.7 6.86 0 0
6.79 24.5 24.5 6.79 0 0
6.78 24.4 24.4 6.78 0 0
6.76 24.4 24.4 6.76 0 0
6.63 23.9 23.9 6.63 0 0
6.67 24.0 24.0 6.67 0 0

count = 66 timestamp = 2024-03-30 11:58:15+00:00
6.83 24.6 24.6 50.03 43 68
6.65 24.0 24.0 64.25 54 78
6.66 24.0 24.0 60.66 54 78
6.83 24.6 24.6 75.23 54 79
6.62 23.9 23.9 64.22 54 78
6.57 23.6 23.6 49.77 54 78
6.67 24.0 24.0 75.07 65 89
6.84 24.6 24.6 64.44 65 90
6.58 23.7 23.7 -443.42 65 89
6.54 23.5 23.5 6.54 0 0
6.45 23.2 23.2 38.85 0 0
6.36 22.9 22.9 63.96 54 77
6.2 22.3 22.3 71.0 54 76
6.32 22.7 22.7 63.92 65 88
6.2 22.3 22.3 -184.6 65 87
6.22 22.4 22.4 27.82 43 65
6.15 22.1 22.1 52.95 43 65
6.17 22.2 22.2 49.37 43 65
6.25 22.5 22.5 53.05 43 66
6.27 22.6 22.6 49.47 43 66
6.3 22.7 22.7 63.9 43 66
6.44 23.2 23.2 49.64 54 77
6.61 23.8 23.8 64.21 54 78
6.6 23.7 23.7 49.8 54 78
6.66 24.0 24.0 31.86 54 78

count = 67 timestamp = 2024-03-30 12:00:45+00:00
7.08 25.5 25.5 17.88 11 36
7.29 26.2 26.2 18.09 11 37
7.21 26.0 26.0 18.01 22 48
7.37 26.5 26.5 28.97 22 49
7.42 26.7 26.7 29.02 22 49
7.46 26.9 26.9 32.66 22 49
7.48 26.9 26.9 29.08 22 49
7.31 26.3 26.3 28.91 22 48
7.26 26.1 26.1 28.86 22 48
7.31 26.3 26.3 43.31 32 58
7.24 26.1 26.1 28.84 32 58
7.23 26.0 26.0 39.63 32 58
7.28 26.2 26.2 43.28 32 58
7.44 26.8 26.8 29.04 32 59
7.41 26.7 26.7 39.81 32 59
7.47 26.9 26.9 43.47 32 59
7.46 26.8 26.8 29.05 32 59
7.58 27.3 27.3 39.98 32 59
7.56 27.2 27.2 43.56 32 59
7.38 26.6 26.6 39.78 32 59
7.24 26.1 26.1 18.04 32 58
7.24 26.1 26.1 -507.56 32 58
7.2 25.9 25.9 7.2 0 0
7.04 25.3 25.3 7.04 0 0
7.16 25.8 25.8 7.16 0 0

count = 68 timestamp = 2024-03-30 12:09:59+00:00
7.62 27.4 27.4 29.22 32 59
7.74 27.9 27.9 29.34 32 60
7.75 27.9 27.9 43.75 32 60
7.74 27.8 27.8 50.94 32 60
7.79 28.0 28.0 40.19 32 60
7.74 27.8 27.8 43.73 32 60
7.54 27.1 27.1 39.94 32 59
7.45 26.8 26.8 54.25 32 59
7.23 26.0 26.0 39.63 32 58
7.07 25.5 25.5 39.47 32 57
6.97 25.1 25.1 42.97 32 57
7.12 25.6 25.6 -374.48 32 58
7.08 25.5 25.5 7.08 0 0
7.09 25.5 25.5 7.09 0 0
7.05 25.4 25.4 7.05 0 0
7.04 25.3 25.3 7.04 0 0
7.11 25.6 25.6 7.11 0 0
7.15 25.7 25.7 7.15 0 0
7.06 25.4 25.4 7.06 0 0
7.16 25.8 25.8 7.16 0 0
7.21 26.0 26.0 7.21 0 0
7.39 26.6 26.6 7.39 0 0
7.44 26.8 26.8 7.44 0 0
7.3 26.3 26.3 7.3 0 0
7.05 25.4 25.4 7.05 0 0

count = 69 timestamp = 2024-03-30 12:11:54+00:00
7.47 26.9 26.9 50.67 43 70
7.46 26.9 26.9 54.27 54 81
7.54 27.1 27.1 61.54 54 81
7.59 27.3 27.3 65.19 54 81
7.66 27.6 27.6 50.86 54 82
7.65 27.5 27.5 65.25 54 82
7.61 27.4 27.4 50.81 54 81
7.46 26.8 26.8 65.06 54 81
7.58 27.3 27.3 54.38 54 81
7.48 26.9 26.9 50.68 54 81
7.38 26.6 26.6 -485.82 54 81
7.34 26.4 26.4 7.34 0 0
7.44 26.8 26.8 7.44 0 0
7.39 26.6 26.6 7.39 0 0
7.44 26.8 26.8 7.44 0 0
7.46 26.8 26.8 7.46 0 0
7.3 26.3 26.3 7.3 0 0
7.29 26.2 26.2 7.29 0 0
7.33 26.4 26.4 7.33 0 0
7.33 26.4 26.4 7.33 0 0
7.33 26.4 26.4 7.33 0 0
7.34 26.4 26.4 7.34 0 0
7.41 26.7 26.7 7.41 0 0
7.34 26.4 26.4 7.34 0 0
7.43 26.7 26.7 7.43 0 0

count = 70 timestamp = 2024-03-30 12:14:36+00:00
5.58 20.1 20.1 5.58 11 31
5.77 20.8 20.8 16.57 22 43
6.01 21.6 21.6 27.61 11 33
6.27 22.6 22.6 6.27 11 34
6.34 22.8 22.8 27.95 11 34
6.33 22.8 22.8 6.33 11 34
6.48 23.3 23.3 6.48 11 34
6.76 24.4 24.4 17.57 11 35
6.61 23.8 23.8 -68.99 11 35
6.55 23.6 23.6 6.55 0 0
6.57 23.6 23.6 6.57 0 0
6.67 24.0 24.0 107.47 0 0
6.75 24.3 24.3 17.55 11 35
7.2 25.9 25.9 18.0 11 37
7.33 26.4 26.4 18.12 11 37
7.34 26.4 26.4 18.14 11 37
7.34 26.4 26.4 -136.66 11 37
7.44 26.8 26.8 7.44 0 0
7.46 26.9 26.9 7.46 0 0
7.4 26.6 26.6 7.4 0 0
7.28 26.2 26.2 7.28 0 0
7.3 26.3 26.3 7.3 0 0
7.03 25.3 25.3 7.03 0 0
6.87 24.7 24.7 6.87 0 0
6.74 24.3 24.3 6.74 0 0

count = 71 timestamp = 2024-03-30 12:14:43+00:00
5.97 21.5 21.5 16.77 22 43
5.98 21.5 21.5 27.58 22 44
5.96 21.5 21.5 16.76 22 43
6.03 21.7 21.7 16.83 11 33
5.86 21.1 21.1 31.06 11 32
6.0 21.6 21.6 27.6 22 44
5.75 20.7 20.7 -95.05 22 43
5.58 20.1 20.1 5.58 11 31
5.77 20.8 20.8 16.57 22 43
6.01 21.6 21.6 27.61 11 33
6.27 22.6 22.6 6.27 11 34
6.34 22.8 22.8 27.95 11 34
6.33 22.8 22.8 6.33 11 34
6.48 23.3 23.3 6.48 11 34
6.76 24.4 24.4 17.57 11 35
6.61 23.8 23.8 -68.99 11 35
6.55 23.6 23.6 6.55 0 0
6.57 23.6 23.6 6.57 0 0
6.67 24.0 24.0 107.47 0 0
6.75 24.3 24.3 17.55 11 35
7.2 25.9 25.9 18.0 11 37
7.33 26.4 26.4 18.12 11 37
7.34 26.4 26.4 18.14 11 37
7.34 26.4 26.4 -136.66 11 37
7.44 26.8 26.8 7.44 0 0

count = 72 timestamp = 2024-03-30 12:19:37+00:00
9.45 34.0 34.0 41.85 43 77
9.55 34.4 34.4 41.95 43 77
9.52 34.3 34.3 56.32 43 77
9.52 34.3 34.3 41.92 43 77
9.6 34.6 34.6 56.4 32 67
9.34 33.6 33.6 30.94 32 66
9.3 33.5 33.5 56.1 32 65
9.43 34.0 34.0 31.03 32 66
9.16 33.0 33.0 41.56 32 65
8.94 32.2 32.2 -315.06 22 54
8.86 31.9 31.9 8.86 0 0
8.81 31.7 31.7 8.81 0 0
8.92 32.1 32.1 8.92 0 0
8.77 31.6 31.6 8.77 0 0
8.68 31.2 31.2 8.68 0 0
8.67 31.2 31.2 8.67 0 0
8.71 31.3 31.3 8.71 0 0
8.62 31.0 31.0 8.62 0 0
8.28 29.8 29.8 8.28 0 0
7.97 28.7 28.7 7.97 0 0
7.7 27.7 27.7 7.7 0 0
7.87 28.3 28.3 7.87 0 0
7.76 27.9 27.9 7.76 0 0
8.11 29.2 29.2 8.11 0 0
7.83 28.2 28.2 7.83 0 0

count = 73 timestamp = 2024-03-30 12:29:02+00:00
6.84 24.6 24.6 39.24 32 57
6.88 24.8 24.8 28.48 43 68
6.66 24.0 24.0 64.26 43 67
6.79 24.5 24.5 39.19 43 67
6.61 23.8 23.8 53.41 43 67
6.57 23.6 23.6 49.77 43 67
6.75 24.3 24.3 53.55 43 67
6.36 22.9 22.9 38.76 43 66
6.34 22.8 22.8 -317.66 43 66
6.56 23.6 23.6 6.56 0 0
6.66 24.0 24.0 6.66 0 0
6.95 25.0 25.0 6.95 0 0
6.78 24.4 24.4 6.78 0 0
6.4 23.0 23.0 6.4 0 0
6.18 22.2 22.2 6.18 0 0
5.97 21.5 21.5 5.97 0 0
6.21 22.4 22.4 6.21 0 0
6.27 22.6 22.6 6.27 0 0
6.05 21.8 21.8 6.05 0 0
6.03 21.7 21.7 6.03 0 0
6.04 21.7 21.7 6.04 0 0
6.06 21.8 21.8 6.06 0 0
6.69 24.1 24.1 6.69 0 0
6.54 23.5 23.5 6.54 0 0
6.64 23.9 23.9 6.64 0 0

count = 74 timestamp = 2024-03-30 12:30:12+00:00
0.0 0.0 0.0 21.6 43 43
0.48 1.7 1.7 58.08 43 45
0.0 0.0 0.0 43.2 43 43
0.0 0.0 0.0 46.8 54 54
0.0 0.0 0.0 -190.8 54 54
0.0 0.0 0.0 0.0 0 0
0.0 0.0 0.0 0.0 0 0
0.61 2.2 2.2 0.61 0 0
0.95 3.4 3.4 0.95 0 0
0.45 1.6 1.6 0.45 0 0
0.0 0.0 0.0 0.0 0 0
0.0 0.0 0.0 0.0 0 0
0.0 0.0 0.0 0.0 0 0
0.0 0.0 0.0 0.0 0 0
0.0 0.0 0.0 0.0 0 0
0.0 0.0 0.0 0.0 0 0
0.0 0.0 0.0 0.0 0 0
0.0 0.0 0.0 0.0 0 0
0.48 1.7 1.7 0.48 0 0
0.0 0.0 0.0 0.0 0 0
0.0 0.0 0.0 0.0 0 0
0.0 0.0 0.0 0.0 0 0
0.0 0.0 0.0 0.0 0 0
1.12 4.0 4.0 1.12 0 0
2.29 8.3 8.3 2.29 0 0

count = 75 timestamp = 2024-03-30 12:30:28+00:00
0.0 0.0 0.0 79.2 76 76
0.0 0.0 0.0 -111.6 86 86
0.0 0.0 0.0 0.0 0 0
0.0 0.0 0.0 0.0 0 0
0.0 0.0 0.0 0.0 0 0
0.0 0.0 0.0 0.0 0 0
0.0 0.0 0.0 0.0 0 0
0.0 0.0 0.0 0.0 0 0
0.0 0.0 0.0 0.0 0 0
0.0 0.0 0.0 0.0 0 0
0.0 0.0 0.0 0.0 0 0
0.0 0.0 0.0 0.0 0 0
0.0 0.0 0.0 0.0 0 0
0.0 0.0 0.0 0.0 0 0
0.0 0.0 0.0 0.0 0 0
0.0 0.0 0.0 21.6 0 0
0.0 0.0 0.0 21.6 43 43
0.48 1.7 1.7 58.08 43 45
0.0 0.0 0.0 43.2 43 43
0.0 0.0 0.0 46.8 54 54
0.0 0.0 0.0 -190.8 54 54
0.0 0.0 0.0 0.0 0 0
0.0 0.0 0.0 0.0 0 0
0.61 2.2 2.2 0.61 0 0
0.95 3.4 3.4 0.95 0 0

count = 76 timestamp = 2024-03-30 12:31:13+00:00
0.0 0.0 0.0 32.4 43 43
0.0 0.0 0.0 57.6 54 54
0.0 0.0 0.0 54.0 54 54
0.0 0.0 0.0 57.6 54 54
0.0 0.0 0.0 -223.2 54 54
0.0 0.0 0.0 0.0 0 0
0.0 0.0 0.0 0.0 0 0
0.0 0.0 0.0 0.0 0 0
0.0 0.0 0.0 0.0 0 0
0.0 0.0 0.0 0.0 0 0
0.0 0.0 0.0 0.0 0 0
0.0 0.0 0.0 0.0 0 0
0.0 0.0 0.0 0.0 0 0
0.0 0.0 0.0 0.0 0 0
0.0 0.0 0.0 0.0 0 0
0.0 0.0 0.0 0.0 0 0
0.0 0.0 0.0 0.0 0 0
0.0 0.0 0.0 0.0 0 0
0.0 0.0 0.0 0.0 0 0
0.0 0.0 0.0 0.0 0 0
0.0 0.0 0.0 0.0 0 0
0.0 0.0 0.0 0.0 0 0
0.0 0.0 0.0 0.0 0 0
0.0 0.0 0.0 0.0 0 0
0.0 0.0 0.0 0.0 0 0

count = 77 timestamp = 2024-03-30 12:35:17+00:00
7.48 26.9 26.9 39.88 43 71
7.68 27.6 27.6 54.48 43 71
7.91 28.5 28.5 51.11 43 71
7.74 27.8 27.8 54.53 43 71
7.25 26.1 26.1 50.45 43 69
7.26 26.1 26.1 54.06 54 80
7.38 26.6 26.6 61.38 54 81
7.26 26.1 26.1 54.06 54 80
6.94 25.0 25.0 50.14 54 79
7.07 25.5 25.5 64.67 54 79
6.95 25.0 25.0 -464.65 54 79
6.88 24.8 24.8 6.88 0 0
6.92 24.9 24.9 6.92 0 0
7.1 25.6 25.6 7.1 0 0
7.0 25.2 25.2 7.0 0 0
6.92 24.9 24.9 6.92 0 0
6.74 24.3 24.3 6.74 0 0
6.42 23.1 23.1 6.42 0 0
6.83 24.6 24.6 6.83 0 0
6.97 25.1 25.1 6.97 0 0
6.92 24.9 24.9 6.92 0 0
6.72 24.2 24.2 6.72 0 0
6.92 24.9 24.9 6.92 0 0
7.03 25.3 25.3 7.03 0 0
6.92 24.9 24.9 6.92 0 0

count = 78 timestamp = 2024-03-30 12:38:18+00:00
6.7 24.1 24.1 28.3 32 56
6.77 24.4 24.4 39.17 32 56
6.7 24.1 24.1 42.7 32 56
6.81 24.5 24.5 39.21 32 57
6.94 25.0 25.0 42.94 32 57
6.98 25.1 25.1 28.58 32 57
7.08 25.5 25.5 28.68 32 57
6.99 25.2 25.2 39.39 32 57
7.1 25.6 25.6 32.3 32 58
7.1 25.6 25.6 39.5 32 58
7.03 25.3 25.3 28.63 22 47
7.17 25.8 25.8 17.97 22 48
7.0 25.2 25.2 -338.6 22 47
7.19 25.9 25.9 7.19 0 0
7.18 25.9 25.9 7.18 0 0
7.21 26.0 26.0 7.21 0 0
7.36 26.5 26.5 7.36 0 0
7.31 26.3 26.3 7.31 0 0
7.41 26.7 26.7 7.41 0 0
7.32 26.3 26.3 7.32 0 0
7.44 26.8 26.8 7.44 0 0
7.45 26.8 26.8 7.45 0 0
7.17 25.8 25.8 7.17 0 0
7.25 26.1 26.1 7.25 0 0
7.23 26.0 26.0 7.23 0 0

count = 79 timestamp = 2024-03-30 12:40:54+00:00
6.16 22.2 22.2 27.76 32 54
5.91 21.3 21.3 27.51 43 64
5.65 20.4 20.4 63.25 43 63
5.66 20.4 20.4 38.06 43 63
6.02 21.7 21.7 52.82 43 65
6.21 22.3 22.3 49.41 43 65
6.28 22.6 22.6 53.08 43 66
6.34 22.8 22.8 38.74 43 66
6.56 23.6 23.6 53.36 43 67
6.27 22.6 22.6 38.67 43 66
6.44 23.2 23.2 49.64 43 66
6.63 23.9 23.9 53.43 43 67
6.66 24.0 24.0 -475.74 43 67
6.79 24.5 24.5 6.79 0 0
6.97 25.1 25.1 6.97 0 0
6.89 24.8 24.8 6.89 0 0
7.01 25.2 25.2 7.01 0 0
7.01 25.2 25.2 7.01 0 0
6.91 24.9 24.9 6.91 0 0
7.03 25.3 25.3 7.03 0 0
6.91 24.9 24.9 6.91 0 0
6.81 24.5 24.5 6.81 0 0
6.7 24.1 24.1 6.7 0 0
6.77 24.4 24.4 6.77 0 0
6.61 23.8 23.8 6.61 0 0

count = 80 timestamp = 2024-03-30 12:43:50+00:00
4.55 16.4 16.4 15.35 11 27
4.52 16.3 16.3 4.52 11 27
4.7 16.9 16.9 4.7 11 28
4.79 17.2 17.2 4.79 11 28
4.56 16.4 16.4 15.36 11 27
4.86 17.5 17.5 15.66 11 29
5.31 19.1 19.1 5.31 11 30
5.42 19.5 19.5 16.22 11 31
5.74 20.7 20.7 16.54 11 32
5.97 21.5 21.5 16.77 11 32
5.94 21.4 21.4 31.14 11 32
6.04 21.7 21.7 6.04 11 33
6.13 22.1 22.1 16.93 11 33
6.31 22.7 22.7 17.11 11 34
6.3 22.7 22.7 17.1 11 34
6.44 23.2 23.2 17.24 11 34
6.8 24.5 24.5 17.6 11 35
7.12 25.6 25.6 17.92 11 37
6.94 25.0 25.0 32.14 11 36
6.92 24.9 24.9 17.72 11 36
7.12 25.6 25.6 17.92 11 37
6.93 25.0 25.0 17.73 11 36
6.91 24.9 24.9 6.91 11 36
6.91 24.9 24.9 -216.29 11 36
7.03 25.3 25.3 7.03 0 0

count = 81 timestamp = 2024-03-30 12:43:55+00:00
6.22 22.4 22.4 17.02 22 44
6.03 21.7 21.7 27.63 22 44
5.59 20.1 20.1 5.59 22 42
5.27 19.0 19.0 37.67 11 30
4.91 17.7 17.7 -59.89 11 29
4.55 16.4 16.4 15.35 11 27
4.52 16.3 16.3 4.52 11 27
4.7 16.9 16.9 4.7 11 28
4.79 17.2 17.2 4.79 11 28
4.56 16.4 16.4 15.36 11 27
4.86 17.5 17.5 15.66 11 29
5.31 19.1 19.1 5.31 11 30
5.42 19.5 19.5 16.22 11 31
5.74 20.7 20.7 16.54 11 32
5.97 21.5 21.5 16.77 11 32
5.94 21.4 21.4 31.14 11 32
6.04 21.7 21.7 6.04 11 33
6.13 22.1 22.1 16.93 11 33
6.31 22.7 22.7 17.11 11 34
6.3 22.7 22.7 17.1 11 34
6.44 23.2 23.2 17.24 11 34
6.8 24.5 24.5 17.6 11 35
7.12 25.6 25.6 17.92 11 37
6.94 25.0 25.0 32.14 11 36
6.92 24.9 24.9 17.72 11 36

count = 82 timestamp = 2024-03-30 12:44:09+00:00
6.45 23.2 23.2 38.85 32 55
6.16 22.2 22.2 27.76 32 54
6.45 23.2 23.2 53.25 32 55
6.55 23.6 23.6 38.95 32 56
6.68 24.1 24.1 42.68 32 56
6.65 24.0 24.0 39.05 32 56
6.69 24.1 24.1 28.29 32 56
6.63 23.9 23.9 28.23 22 46
6.8 24.5 24.5 -248.8 22 46
6.63 23.9 23.9 6.63 0 0
6.6 23.7 23.7 6.6 0 0
6.53 23.5 23.5 6.53 0 0
6.35 22.9 22.9 6.35 0 0
6.31 22.7 22.7 17.11 0 0
6.22 22.4 22.4 17.02 22 44
6.03 21.7 21.7 27.63 22 44
5.59 20.1 20.1 5.59 22 42
5.27 19.0 19.0 37.67 11 30
4.91 17.7 17.7 -59.89 11 29
4.55 16.4 16.4 15.35 11 27
4.52 16.3 16.3 4.52 11 27
4.7 16.9 16.9 4.7 11 28
4.79 17.2 17.2 4.79 11 28
4.56 16.4 16.4 15.36 11 27
4.86 17.5 17.5 15.66 11 29

count = 83 timestamp = 2024-03-30 12:46:33+00:00
6.75 24.3 24.3 39.16 43 67
6.62 23.9 23.9 53.42 43 67
6.48 23.3 23.3 49.68 43 66
6.32 22.7 22.7 63.92 43 66
6.26 22.5 22.5 38.66 43 66
6.16 22.2 22.2 63.76 43 65
6.25 22.5 22.5 49.45 43 66
5.8 20.9 20.9 63.4 43 64
5.6 20.2 20.2 38.0 43 63
5.86 21.1 21.1 41.86 43 64
5.98 21.5 21.5 49.18 43 65
6.32 22.7 22.7 -486.88 43 66
6.24 22.5 22.5 6.24 0 0
5.99 21.6 21.6 5.99 0 0
5.68 20.5 20.5 5.68 0 0
5.77 20.8 20.8 5.77 0 0
5.69 20.5 20.5 5.69 0 0
5.72 20.6 20.6 5.72 0 0
5.91 21.3 21.3 5.91 0 0
5.95 21.4 21.4 5.95 0 0
6.03 21.7 21.7 6.03 0 0
6.14 22.1 22.1 6.14 0 0
6.26 22.5 22.5 6.26 0 0
6.26 22.5 22.5 6.26 0 0
6.12 22.0 22.0 6.12 0 0

count = 84 timestamp = 2024-03-30 12:47:04+00:00
5.65 20.4 20.4 16.45 22 42
5.69 20.5 20.5 27.29 32 52
5.75 20.7 20.7 41.75 32 53
5.92 21.3 21.3 38.32 32 53
6.05 21.8 21.8 49.25 32 54
5.87 21.1 21.1 41.87 43 64
6.04 21.7 21.7 27.64 43 65
5.91 21.3 21.3 63.51 43 64
6.23 22.4 22.4 38.63 43 65
6.28 22.6 22.6 38.68 43 66
6.37 22.9 22.9 31.57 43 66
6.3 22.7 22.7 -364.5 43 66
5.99 21.6 21.6 5.99 0 0
6.16 22.2 22.2 6.16 0 0
6.22 22.4 22.4 6.22 0 0
6.38 23.0 23.0 6.38 0 0
6.41 23.1 23.1 6.41 0 0
6.4 23.0 23.0 6.4 0 0
6.74 24.3 24.3 6.74 0 0
6.62 23.9 23.9 6.62 0 0
6.75 24.3 24.3 6.75 0 0
6.94 25.0 25.0 6.94 0 0
6.84 24.6 24.6 6.84 0 0
6.84 24.6 24.6 6.84 0 0
7.02 25.3 25.3 7.02 0 0

count = 85 timestamp = 2024-03-30 12:47:11+00:00
6.21 22.3 22.3 17.01 32 54
6.38 23.0 23.0 27.98 32 55
6.33 22.8 22.8 53.13 32 55
6.18 22.2 22.2 49.38 43 65
6.12 22.0 22.0 52.92 43 65
5.8 20.9 20.9 38.2 43 64
5.69 20.5 20.5 -185.11 43 63
5.65 20.4 20.4 16.45 22 42
5.69 20.5 20.5 27.29 32 52
5.75 20.7 20.7 41.75 32 53
5.92 21.3 21.3 38.32 32 53
6.05 21.8 21.8 49.25 32 54
5.87 21.1 21.1 41.87 43 64
6.04 21.7 21.7 27.64 43 65
5.91 21.3 21.3 63.51 43 64
6.23 22.4 22.4 38.63 43 65
6.28 22.6 22.6 38.68 43 66
6.37 22.9 22.9 31.57 43 66
6.3 22.7 22.7 -364.5 43 66
5.99 21.6 21.6 5.99 0 0
6.16 22.2 22.2 6.16 0 0
6.22 22.4 22.4 6.22 0 0
6.38 23.0 23.0 6.38 0 0
6.41 23.1 23.1 6.41 0 0
6.4 23.0 23.0 6.4 0 0

count = 86 timestamp = 2024-03-30 12:48:22+00:00
5.09 18.3 18.3 15.89 22 40
5.5 19.8 19.8 27.11 22 42
5.41 19.5 19.5 16.21 32 51
5.53 19.9 19.9 41.53 32 52
5.78 20.8 20.8 38.18 32 53
5.7 20.5 20.5 38.1 32 53
5.64 20.3 20.3 41.64 32 52
5.8 20.9 20.9 38.2 32 53
5.75 20.7 20.7 38.15 43 64
5.84 21.0 21.0 52.64 43 64
5.94 21.4 21.4 38.34 43 64
6.05 21.8 21.8 52.85 43 65
6.23 22.4 22.4 38.63 43 65
6.31 22.7 22.7 53.11 43 66
6.45 23.2 23.2 -454.35 43 66
6.41 23.1 23.1 6.41 0 0
6.56 23.6 23.6 6.56 0 0
6.46 23.2 23.2 6.46 0 0
6.27 22.6 22.6 6.27 0 0
6.27 22.6 22.6 6.27 0 0
6.1 22.0 22.0 6.1 0 0
6.32 22.7 22.7 6.32 0 0
6.57 23.6 23.6 6.57 0 0
6.38 23.0 23.0 6.38 0 0
6.49 23.3 23.3 6.49 0 0

count = 87 timestamp = 2024-03-30 12:52:07+00:00
0.77 2.8 2.8 0.77 11 14
0.66 2.4 2.4 0.66 11 13
0.0 0.0 0.0 10.8 11 11
0.63 2.3 2.3 -20.97 11 13
1.09 3.9 3.9 1.09 0 0
1.09 3.9 3.9 1.09 0 0
0.45 1.6 1.6 -3.15 0 0

count = 88 timestamp = 2024-03-30 12:52:25+00:00
0.0 0.0 0.0 0.0 11 11
0.0 0.0 0.0 -10.8 11 11
0.0 0.0 0.0 0.0 0 0
0.0 0.0 0.0 0.0 0 0
0.0 0.0 0.0 0.0 0 0
0.0 0.0 0.0 0.0 0 0
0.0 0.0 0.0 0.0 0 0
0.0 0.0 0.0 0.0 0 0
0.0 0.0 0.0 0.0 0 0
0.0 0.0 0.0 0.0 0 0
0.0 0.0 0.0 0.0 0 0
0.0 0.0 0.0 0.0 0 0
0.0 0.0 0.0 0.0 0 0
0.77 2.8 2.8 0.77 0 0
0.0 0.0 0.0 0.0 0 0
0.67 2.4 2.4 0.67 0 0
1.04 3.8 3.8 1.04 0 0
0.68 2.5 2.5 11.48 0 0
0.77 2.8 2.8 0.77 11 14
0.66 2.4 2.4 0.66 11 13
0.0 0.0 0.0 10.8 11 11
0.63 2.3 2.3 -20.97 11 13
1.09 3.9 3.9 1.09 0 0
1.09 3.9 3.9 1.09 0 0
0.45 1.6 1.6 -3.15 0 0

count = 89 timestamp = 2024-03-30 12:54:20+00:00
5.62 20.2 20.2 27.22 11 32
5.78 20.8 20.8 5.78 11 32
5.77 20.8 20.8 5.77 11 32
5.5 19.8 19.8 16.3 11 31
5.41 19.5 19.5 5.41 11 30
5.29 19.0 19.0 5.29 11 30
4.95 17.8 17.8 15.75 11 29
4.93 17.7 17.7 4.93 22 40
5.27 19.0 19.0 62.87 22 41
5.11 18.4 18.4 15.91 11 29
4.75 17.1 17.1 4.75 11 28
4.24 15.2 15.2 -6.56 0 0
4.15 14.9 14.9 -31.85 0 0
4.12 14.8 14.8 14.92 11 26
3.9 14.0 14.0 18.3 11 25
4.09 14.7 14.7 -10.31 11 26
3.71 13.4 13.4 3.71 11 24
3.27 11.8 11.8 17.68 11 23
2.73 9.8 9.8 13.53 22 32
2.71 9.8 9.8 24.32 22 32
2.63 9.5 9.5 24.23 22 31
1.72 6.2 6.2 37.72 32 38
1.58 5.7 5.7 23.18 32 38
2.07 7.5 7.5 23.67 22 29
3.13 11.3 11.3 24.73 22 33

count = 90 timestamp = 2024-03-30 12:56:21+00:00
6.23 22.4 22.4 17.03 22 44
6.36 22.9 22.9 27.96 32 55
6.47 23.3 23.3 28.07 32 55
6.47 23.3 23.3 42.47 32 55
6.43 23.1 23.1 38.83 32 55
6.23 22.4 22.4 38.63 32 54
6.24 22.5 22.5 42.24 32 54
6.31 22.7 22.7 27.91 32 55
6.16 22.2 22.2 38.56 32 54
6.02 21.7 21.7 31.22 32 54
6.1 22.0 22.0 38.5 32 54
6.17 22.2 22.2 27.77 32 54
5.73 20.6 20.6 30.93 32 53
5.61 20.2 20.2 27.21 32 52
5.61 20.2 20.2 95.61 32 52
5.25 18.9 18.9 26.85 32 51
5.24 18.8 18.8 -487.96 32 51
5.47 19.7 19.7 5.47 0 0
5.41 19.5 19.5 5.41 0 0
5.34 19.2 19.2 5.34 0 0
5.14 18.5 18.5 5.14 0 0
5.08 18.3 18.3 5.08 0 0
5.11 18.4 18.4 5.11 0 0
4.98 17.9 17.9 4.98 0 0
5.0 18.0 18.0 5.0 0 0

count = 91 timestamp = 2024-03-30 12:56:53+00:00
5.39 19.4 19.4 26.99 32 51
5.43 19.5 19.5 16.23 22 42
5.5 19.8 19.8 16.3 22 42
5.28 19.0 19.0 26.88 22 41
5.31 19.1 19.1 41.31 22 41
5.24 18.8 18.8 37.63 32 51
5.07 18.2 18.2 -128.13 32 50
4.96 17.8 17.8 4.96 0 0
4.94 17.8 17.8 4.94 0 0
4.94 17.8 17.8 4.94 0 0
5.02 18.1 18.1 5.02 0 0
4.96 17.8 17.8 4.96 0 0
5.01 18.0 18.0 5.01 0 0
5.12 18.4 18.4 5.12 0 0
5.25 18.9 18.9 5.25 0 0
5.6 20.2 20.2 5.6 0 0
6.07 21.9 21.9 6.07 0 0
5.98 21.5 21.5 5.98 0 0
6.37 22.9 22.9 6.37 0 0
6.34 22.8 22.8 6.34 0 0
6.34 22.8 22.8 6.34 0 0
6.13 22.1 22.1 6.13 0 0
6.2 22.3 22.3 6.2 0 0
6.3 22.7 22.7 6.3 0 0
6.62 23.9 23.9 6.62 0 0

count = 92 timestamp = 2024-03-30 12:56:57+00:00
5.64 20.3 20.3 5.64 11 31
5.52 19.9 19.9 16.32 11 31
5.37 19.3 19.3 16.17 22 41
5.3 19.1 19.1 -27.1 22 41
5.39 19.4 19.4 26.99 32 51
5.43 19.5 19.5 16.23 22 42
5.5 19.8 19.8 16.3 22 42
5.28 19.0 19.0 26.88 22 41
5.31 19.1 19.1 41.31 22 41
5.24 18.8 18.8 37.63 32 51
5.07 18.2 18.2 -128.13 32 50
4.96 17.8 17.8 4.96 0 0
4.94 17.8 17.8 4.94 0 0
4.94 17.8 17.8 4.94 0 0
5.02 18.1 18.1 5.02 0 0
4.96 17.8 17.8 4.96 0 0
5.01 18.0 18.0 5.01 0 0
5.12 18.4 18.4 5.12 0 0
5.25 18.9 18.9 5.25 0 0
5.6 20.2 20.2 5.6 0 0
6.07 21.9 21.9 6.07 0 0
5.98 21.5 21.5 5.98 0 0
6.37 22.9 22.9 6.37 0 0
6.34 22.8 22.8 6.34 0 0
6.34 22.8 22.8 6.34 0 0

count = 93 timestamp = 2024-03-30 12:58:55+00:00
3.77 13.6 13.6 36.17 32 46
3.78 13.6 13.6 36.18 43 57
3.69 13.3 13.3 50.49 43 56
3.6 13.0 13.0 46.8 43 56
3.65 13.1 13.1 50.45 43 56
3.81 13.7 13.7 47.01 43 57
3.84 13.8 13.8 50.64 43 57
3.61 13.0 13.0 36.01 43 56
3.69 13.3 13.3 50.49 43 56
3.56 12.8 12.8 46.76 43 56
3.53 12.7 12.7 50.33 43 56
3.28 11.8 11.8 -468.32 43 55
3.27 11.8 11.8 3.27 0 0
3.38 12.2 12.2 3.38 0 0
3.29 11.9 11.9 3.29 0 0
3.29 11.9 11.9 3.29 0 0
3.28 11.8 11.8 3.28 0 0
3.35 12.1 12.1 3.35 0 0
3.39 12.2 12.2 3.39 0 0
3.41 12.3 12.3 3.41 0 0
3.26 11.7 11.7 3.26 0 0
3.3 11.9 11.9 3.3 0 0
3.2 11.5 11.5 3.2 0 0
3.44 12.4 12.4 3.44 0 0
3.37 12.1 12.1 3.37 0 0

count = 94 timestamp = 2024-03-30 13:01:03+00:00
6.21 22.3 22.3 6.21 11 33
6.32 22.7 22.7 17.12 11 34
6.26 22.5 22.5 17.06 11 34
6.15 22.1 22.1 6.15 11 33
6.16 22.2 22.2 6.16 11 33
6.41 23.1 23.1 17.21 11 34
6.28 22.6 22.6 6.28 11 34
6.24 22.5 22.5 -4.56 0 0
6.18 22.2 22.2 6.18 0 0
6.05 21.8 21.8 6.05 0 0
6.46 23.2 23.2 -15.14 0 0
6.36 22.9 22.9 6.36 11 34
6.32 22.7 22.7 17.12 11 34
6.62 23.8 23.8 6.62 11 35
6.97 25.1 25.1 17.77 11 36
7.01 25.2 25.2 17.81 22 47
7.08 25.5 25.5 28.68 22 47
7.59 27.3 27.3 32.79 22 49
7.66 27.6 27.6 29.26 22 50
7.54 27.1 27.1 29.14 22 49
7.41 26.7 26.7 18.21 22 49
7.42 26.7 26.7 43.42 22 49
7.13 25.7 25.7 17.93 22 48
6.91 24.9 24.9 39.3 22 47
6.98 25.1 25.1 28.58 22 47

count = 95 timestamp = 2024-03-30 13:01:23+00:00
5.36 19.3 19.3 16.16 22 41
5.89 21.2 21.2 16.69 22 43
5.8 20.9 20.9 27.4 22 43
5.94 21.4 21.4 16.74 22 43
6.04 21.7 21.7 16.84 22 44
6.07 21.9 21.9 42.07 22 44
6.02 21.7 21.7 16.82 11 33
6.1 22.0 22.0 16.9 11 33
6.21 22.4 22.4 17.01 11 33
5.98 21.5 21.5 -127.22 11 33
5.67 20.4 20.4 185.67 0 0
5.93 21.4 21.4 -8.47 0 0
5.77 20.8 20.8 -5.03 0 0
5.79 20.9 20.9 5.79 0 0
5.4 19.4 19.4 5.4 11 30
5.48 19.7 19.7 5.48 11 31
5.55 20.0 20.0 16.35 22 42
5.53 19.9 19.9 52.33 32 52
5.92 21.3 21.3 27.53 32 53
5.85 21.1 21.1 -217.35 22 43
6.21 22.3 22.3 6.21 11 33
6.32 22.7 22.7 17.12 11 34
6.26 22.5 22.5 17.06 11 34
6.15 22.1 22.1 6.15 11 33
6.16 22.2 22.2 6.16 11 33

count = 96 timestamp = 2024-03-30 13:01:26+00:00
5.76 20.7 20.7 38.16 32 54
5.73 20.6 20.6 38.13 32 53
5.55 20.0 20.0 -70.05 32 52
5.36 19.3 19.3 16.16 22 41
5.89 21.2 21.2 16.69 22 43
5.8 20.9 20.9 27.4 22 43
5.94 21.4 21.4 16.74 22 43
6.04 21.7 21.7 16.84 22 44
6.07 21.9 21.9 42.07 22 44
6.02 21.7 21.7 16.82 11 33
6.1 22.0 22.0 16.9 11 33
6.21 22.4 22.4 17.01 11 33
5.98 21.5 21.5 -127.22 11 33
5.67 20.4 20.4 185.67 0 0
5.93 21.4 21.4 -8.47 0 0
5.77 20.8 20.8 -5.03 0 0
5.79 20.9 20.9 5.79 0 0
5.4 19.4 19.4 5.4 11 30
5.48 19.7 19.7 5.48 11 31
5.55 20.0 20.0 16.35 22 42
5.53 19.9 19.9 52.33 32 52
5.92 21.3 21.3 27.53 32 53
5.85 21.1 21.1 -217.35 22 43
6.21 22.3 22.3 6.21 11 33
6.32 22.7 22.7 17.12 11 34

count = 97 timestamp = 2024-03-30 13:03:55+00:00
6.76 24.4 24.4 39.16 32 56
7.04 25.4 25.4 28.65 32 57
7.17 25.8 25.8 43.17 32 58
7.05 25.4 25.4 28.65 32 57
7.27 26.2 26.2 28.87 32 58
6.98 25.1 25.1 96.98 32 57
6.98 25.1 25.1 6.98 32 56
6.61 23.8 23.8 42.61 32 56
6.48 23.3 23.3 38.88 32 55
6.63 23.9 23.9 39.03 32 56
6.56 23.6 23.6 42.56 32 56
6.39 23.0 23.0 38.79 32 55
6.26 22.5 22.5 38.66 32 55
6.48 23.3 23.3 -429.12 32 55
6.74 24.3 24.3 6.74 0 0
6.44 23.2 23.2 6.44 0 0
6.47 23.3 23.3 6.47 0 0
6.36 22.9 22.9 6.36 0 0
6.45 23.2 23.2 6.45 0 0
6.3 22.7 22.7 6.3 0 0
6.3 22.7 22.7 6.3 0 0
6.71 24.2 24.2 6.71 0 0
6.64 23.9 23.9 6.64 0 0
6.62 23.8 23.8 6.62 0 0
6.41 23.1 23.1 6.41 0 0

count = 98 timestamp = 2024-03-30 13:04:21+00:00
6.93 25.0 25.0 17.73 11 36
6.96 25.1 25.1 6.96 11 36
7.01 25.2 25.2 7.01 11 36
6.82 24.6 24.6 28.42 11 36
6.79 24.5 24.5 -36.41 11 35
6.71 24.2 24.2 6.71 0 0
6.93 25.0 25.0 6.93 0 0
6.91 24.9 24.9 6.91 0 0
6.79 24.5 24.5 6.79 0 0
6.65 24.0 24.0 6.65 0 0
6.76 24.4 24.4 49.97 0 0
6.94 25.0 25.0 6.94 0 0
7.02 25.3 25.3 7.02 0 0
6.81 24.5 24.5 17.61 0 0
7.13 25.7 25.7 7.13 0 0
7.35 26.5 26.5 7.35 0 0
7.36 26.5 26.5 18.16 0 0
7.06 25.4 25.4 7.06 11 36
7.06 25.4 25.4 7.06 11 36
7.04 25.3 25.3 17.84 11 36
6.89 24.8 24.8 21.3 11 36
6.78 24.4 24.4 17.58 11 35
6.79 24.5 24.5 17.59 22 46
6.96 25.1 25.1 28.56 22 47
6.78 24.4 24.4 39.18 32 56

count = 99 timestamp = 2024-03-30 13:05:33+00:00
6.79 24.5 24.5 17.59 22 46
6.74 24.3 24.3 17.54 22 46
6.76 24.4 24.4 17.57 22 46
6.75 24.3 24.3 28.35 22 46
6.84 24.6 24.6 28.44 22 47
7.02 25.3 25.3 32.22 22 47
7.04 25.4 25.4 28.65 22 47
7.33 26.4 26.4 18.13 22 48
7.2 25.9 25.9 28.8 22 48
7.37 26.5 26.5 32.57 22 49
7.17 25.8 25.8 28.78 22 48
7.28 26.2 26.2 28.88 22 48
7.32 26.3 26.3 28.92 22 48
7.31 26.3 26.3 18.11 22 48
7.17 25.8 25.8 32.37 22 48
7.0 25.2 25.2 28.6 22 47
7.0 25.2 25.2 28.6 22 47
6.84 24.6 24.6 28.44 22 47
6.6 23.7 23.7 31.8 22 46
6.59 23.7 23.7 38.99 22 46
6.5 23.4 23.4 17.3 22 45
6.55 23.6 23.6 42.55 22 46
6.43 23.1 23.1 28.03 32 55
6.4 23.0 23.0 -465.2 32 55
6.28 22.6 22.6 6.28 0 0

count = 100 timestamp = 2024-03-30 13:07:23+00:00
6.86 24.7 24.7 39.26 54 79
6.7 24.1 24.1 64.3 54 78
6.76 24.4 24.4 49.97 54 78
6.52 23.5 23.5 64.12 54 77
6.56 23.6 23.6 64.16 54 78
6.8 24.5 24.5 39.2 43 67
6.83 24.6 24.6 -306.37 43 68
6.91 24.9 24.9 6.91 0 0
6.92 24.9 24.9 6.92 0 0
7.11 25.6 25.6 7.11 0 0
7.39 26.6 26.6 7.39 0 0
7.08 25.5 25.5 7.08 0 0
7.27 26.2 26.2 7.27 0 0
7.77 28.0 28.0 7.77 0 0
7.45 26.8 26.8 7.45 0 0
7.36 26.5 26.5 7.36 0 0
7.12 25.6 25.6 7.12 0 0
6.77 24.4 24.4 6.77 0 0
6.56 23.6 23.6 6.56 0 0
6.43 23.1 23.1 6.43 0 0
6.39 23.0 23.0 6.39 0 0
6.34 22.8 22.8 6.34 0 0
6.21 22.4 22.4 6.21 0 0
6.08 21.9 21.9 6.08 0 0
6.04 21.7 21.7 6.04 0 0

count = 101 timestamp = 2024-03-30 13:11:46+00:00
6.35 22.9 22.9 6.35 22 45
6.34 22.8 22.8 38.74 32 55
6.27 22.6 22.6 17.07 32 55
6.37 22.9 22.9 27.97 32 55
6.63 23.9 23.9 42.63 32 56
6.51 23.4 23.4 28.11 32 55
6.47 23.3 23.3 38.87 32 55
6.6 23.7 23.7 42.6 32 56
6.47 23.3 23.3 28.07 22 45
6.43 23.1 23.1 28.03 22 45
6.31 22.7 22.7 31.51 22 45
6.57 23.6 23.6 28.17 22 46
6.51 23.4 23.4 28.11 22 45
6.62 23.8 23.8 28.22 22 46
6.55 23.6 23.6 31.75 22 46
6.62 23.8 23.8 39.02 22 46
6.44 23.2 23.2 -385.96 22 45
6.42 23.1 23.1 6.42 0 0
6.55 23.6 23.6 6.55 0 0
6.46 23.2 23.2 6.46 0 0
6.71 24.2 24.2 6.71 0 0
6.62 23.8 23.8 6.62 0 0
6.49 23.4 23.4 6.49 0 0
6.56 23.6 23.6 6.56 0 0
6.75 24.3 24.3 6.75 0 0

count = 102 timestamp = 2024-03-30 13:12:51+00:00
7.24 26.1 26.1 28.84 32 58
7.15 25.7 25.7 39.55 32 58
7.25 26.1 26.1 54.05 32 58
7.22 26.0 26.0 39.62 43 69
6.98 25.1 25.1 53.78 43 68
7.09 25.5 25.5 39.49 43 69
7.08 25.5 25.5 43.08 43 68
6.99 25.2 25.2 50.19 43 68
6.83 24.6 24.6 53.63 43 68
6.76 24.4 24.4 39.16 43 67
6.78 24.4 24.4 49.98 43 67
6.52 23.5 23.5 53.32 43 66
6.46 23.2 23.2 28.06 43 66
6.26 22.5 22.5 -497.74 43 66
6.46 23.2 23.2 6.46 0 0
6.49 23.3 23.3 6.49 0 0
6.56 23.6 23.6 6.56 0 0
6.4 23.0 23.0 6.4 0 0
6.54 23.5 23.5 6.54 0 0
6.18 22.2 22.2 6.18 0 0
6.3 22.7 22.7 6.3 0 0
6.29 22.6 22.6 6.29 0 0
6.38 23.0 23.0 6.38 0 0
6.65 24.0 24.0 6.65 0 0
6.78 24.4 24.4 6.78 0 0

count = 103 timestamp = 2024-03-30 13:18:20+00:00
8.66 31.2 31.2 19.46 22 53
8.62 31.0 31.0 30.22 22 53
8.53 30.7 30.7 30.13 22 53
8.35 30.1 30.1 33.55 22 52
8.09 29.1 29.1 29.69 22 51
7.78 28.0 28.0 29.38 22 50
7.46 26.9 26.9 29.07 22 49
7.04 25.3 25.3 32.23 22 47
6.63 23.9 23.9 17.43 22 46
6.3 22.7 22.7 27.9 22 45
5.93 21.4 21.4 27.53 32 53
5.66 20.4 20.4 41.66 32 52
5.51 19.9 19.9 -264.49 32 52
5.7 20.5 20.5 5.7 0 0
5.7 20.5 20.5 5.7 0 0
5.81 20.9 20.9 5.81 0 0
5.87 21.1 21.1 5.87 0 0
5.87 21.1 21.1 5.87 0 0
5.93 21.4 21.4 5.93 0 0
5.8 20.9 20.9 5.8 0 0
5.69 20.5 20.5 5.69 0 0
5.67 20.4 20.4 5.67 0 0
5.6 20.2 20.2 5.6 0 0
5.5 19.8 19.8 5.5 0 0
5.33 19.2 19.2 5.33 0 0

count = 104 timestamp = 2024-03-30 13:41:46+00:00
7.01 25.2 25.2 28.61 32 57
6.91 24.9 24.9 39.3 43 68
6.89 24.8 24.8 64.5 43 68
6.87 24.7 24.7 50.07 43 68
6.83 24.6 24.6 42.83 43 68
6.92 24.9 24.9 50.12 43 68
6.98 25.1 25.1 53.78 43 68
6.96 25.1 25.1 39.36 43 68
6.82 24.6 24.6 42.82 43 68
6.85 24.7 24.7 39.25 43 68
6.81 24.5 24.5 -385.59 32 57
6.79 24.5 24.5 6.79 0 0
7.0 25.2 25.2 7.0 0 0
6.87 24.7 24.7 6.87 0 0
7.06 25.4 25.4 7.06 0 0
7.03 25.3 25.3 7.03 0 0
6.87 24.7 24.7 6.87 0 0
6.88 24.8 24.8 6.88 0 0
6.77 24.4 24.4 6.77 0 0
6.89 24.8 24.8 6.89 0 0
6.73 24.2 24.2 6.73 0 0
6.72 24.2 24.2 6.72 0 0
6.64 23.9 23.9 6.64 0 0
6.73 24.2 24.2 6.73 0 0
6.85 24.7 24.7 6.85 0 0

count = 105 timestamp = 2024-03-30 13:44:59+00:00
9.03 32.5 32.5 19.83 22 55
9.16 33.0 33.0 19.96 22 55
9.24 33.3 33.3 20.04 22 55
9.33 33.6 33.6 30.93 22 56
9.35 33.7 33.7 20.15 22 56
9.23 33.2 33.2 45.23 22 55
9.18 33.1 33.1 19.98 22 55
9.2 33.1 33.1 30.8 22 55
8.91 32.1 32.1 30.51 22 54
8.75 31.5 31.5 33.95 22 54
8.57 30.8 30.8 30.17 22 53
8.25 29.7 29.7 29.85 22 52
8.11 29.2 29.2 29.71 32 61
7.76 27.9 27.9 43.76 32 60
7.79 28.0 28.0 -283.81 32 60
7.91 28.5 28.5 7.91 0 0
7.84 28.2 28.2 7.84 0 0
7.97 28.7 28.7 7.97 0 0
7.86 28.3 28.3 7.86 0 0
8.02 28.9 28.9 8.02 0 0
8.08 29.1 29.1 8.08 0 0
7.94 28.6 28.6 7.94 0 0
8.13 29.3 29.3 8.13 0 0
8.19 29.5 29.5 8.19 0 0
8.29 29.8 29.8 8.29 0 0

count = 106 timestamp = 2024-03-30 13:57:48+00:00
5.53 19.9 19.9 37.93 43 63
5.68 20.5 20.5 52.48 43 63
5.73 20.6 20.6 48.93 43 64
5.81 20.9 20.9 52.61 43 64
5.94 21.4 21.4 59.94 43 64
6.0 21.6 21.6 52.8 43 65
6.1 22.0 22.0 49.3 43 65
6.08 21.9 21.9 52.88 43 65
6.12 22.0 22.0 49.32 43 65
6.24 22.5 22.5 -418.56 43 65
6.27 22.6 22.6 6.27 0 0
6.59 23.7 23.7 6.59 0 0
6.71 24.2 24.2 6.71 0 0
6.69 24.1 24.1 6.69 0 0
6.59 23.7 23.7 6.59 0 0
6.61 23.8 23.8 6.61 0 0
6.54 23.5 23.5 6.54 0 0
6.62 23.9 23.9 6.62 0 0
6.97 25.1 25.1 6.97 0 0
6.82 24.6 24.6 6.82 0 0
6.74 24.3 24.3 6.74 0 0
6.72 24.2 24.2 6.72 0 0
6.89 24.8 24.8 6.89 0 0
6.92 24.9 24.9 6.92 0 0
6.89 24.8 24.8 6.89 0 0

count = 107 timestamp = 2024-03-30 14:03:42+00:00
4.06 14.6 14.6 14.86 22 37
3.63 13.1 13.1 14.43 22 35
3.39 12.2 12.2 24.99 22 34
3.22 11.6 11.6 24.82 22 34
3.24 11.7 11.7 39.24 32 44
3.44 12.4 12.4 35.84 32 44
3.66 13.2 13.2 50.46 32 45
3.8 13.7 13.7 36.2 43 57
3.98 14.3 14.3 50.78 43 57
4.09 14.7 14.7 47.29 43 58
4.43 16.0 16.0 36.83 43 59
4.89 17.6 17.6 51.69 43 61
5.37 19.3 19.3 48.57 43 62
5.86 21.1 21.1 41.86 43 64
6.19 22.3 22.3 38.59 43 65
6.92 24.9 24.9 -497.08 43 68
7.08 25.5 25.5 7.08 0 0
7.61 27.4 27.4 7.61 0 0
8.18 29.5 29.5 8.18 0 0
8.84 31.8 31.8 8.84 0 0
8.57 30.8 30.8 8.57 0 0
8.39 30.2 30.2 8.39 0 0
8.61 31.0 31.0 8.61 0 0
8.61 31.0 31.0 8.61 0 0
8.4 30.2 30.2 8.4 0 0

count = 108 timestamp = 2024-03-30 14:06:24+00:00
7.58 27.3 27.3 29.18 32 59
7.73 27.8 27.8 29.33 32 60
7.65 27.5 27.5 43.65 32 60
7.49 27.0 27.0 39.89 32 59
7.42 26.7 26.7 39.82 32 59
7.31 26.3 26.3 43.31 32 58
6.96 25.1 25.1 28.56 32 57
6.84 24.6 24.6 17.64 32 57
6.84 24.6 24.6 75.24 22 47
7.12 25.6 25.6 -284.48 22 48
7.01 25.2 25.2 7.01 0 0
6.56 23.6 23.6 6.56 0 0
6.59 23.7 23.7 6.59 0 0
6.57 23.6 23.6 6.57 0 0
6.29 22.6 22.6 6.29 0 0
6.49 23.4 23.4 6.49 0 0
6.34 22.8 22.8 6.34 0 0
5.9 21.2 21.2 5.9 0 0
5.64 20.3 20.3 5.64 0 0
5.75 20.7 20.7 5.75 0 0
6.07 21.8 21.8 6.07 0 0
6.44 23.2 23.2 6.44 0 0
6.48 23.3 23.3 6.48 0 0
6.22 22.4 22.4 6.22 0 0
5.92 21.3 21.3 5.92 0 0

count = 109 timestamp = 2024-03-30 14:20:44+00:00
8.96 32.2 32.2 41.36 32 64
8.94 32.2 32.2 19.74 32 64
9.23 33.2 33.2 45.23 32 65
9.45 34.0 34.0 41.85 32 66
9.78 35.2 35.2 31.38 22 57
10.08 36.3 36.3 31.68 22 58
10.24 36.8 36.8 35.44 22 59
10.06 36.2 36.2 31.66 22 58
10.16 36.6 36.6 31.76 22 59
10.38 37.4 37.4 21.18 22 59
10.37 37.3 37.3 35.57 22 59
10.5 37.8 37.8 -259.5 22 60
10.48 37.7 37.7 10.48 0 0
10.4 37.5 37.5 10.4 0 0
10.41 37.5 37.5 10.41 0 0
10.55 38.0 38.0 10.55 0 0
10.66 38.4 38.4 10.66 0 0
10.53 37.9 37.9 10.53 0 0
10.89 39.2 39.2 10.89 0 0
10.84 39.0 39.0 10.84 0 0
11.11 40.0 40.0 11.11 0 0
10.87 39.1 39.1 10.87 0 0
11.03 39.7 39.7 11.03 0 0
11.05 39.8 39.8 11.05 0 0
11.25 40.5 40.5 11.25 0 0

count = 110 timestamp = 2024-03-30 14:33:45+00:00
7.88 28.4 28.4 18.68 11 39
8.02 28.9 28.9 8.02 11 40
8.1 29.2 29.2 8.1 11 40
8.05 29.0 29.0 29.65 11 40
7.89 28.4 28.4 7.89 11 39
8.0 28.8 28.8 8.0 11 40
7.66 27.6 27.6 7.66 11 39
7.46 26.8 26.8 18.26 11 38
7.33 26.4 26.4 28.93 11 37
7.01 25.2 25.2 7.01 11 36
7.04 25.4 25.4 7.04 11 36
7.23 26.0 26.0 21.63 11 37
7.06 25.4 25.4 7.06 11 36
7.17 25.8 25.8 17.97 11 37
7.2 25.9 25.9 7.2 11 37
7.41 26.7 26.7 18.21 11 38
7.66 27.6 27.6 18.46 11 39
7.7 27.7 27.7 7.7 11 39
7.8 28.1 28.1 18.6 11 39
7.84 28.2 28.2 18.64 11 39
7.68 27.6 27.6 18.48 11 39
7.54 27.1 27.1 18.34 11 38
7.5 27.0 27.0 7.5 11 38
7.43 26.7 26.7 21.83 11 38
7.34 26.4 26.4 28.94 22 48

count = 111 timestamp = 2024-03-30 14:37:21+00:00
3.95 14.2 14.2 14.75 11 25
3.77 13.6 13.6 -7.03 11 25
3.75 13.5 13.5 14.55 11 25
3.9 14.0 14.0 14.7 11 25
3.86 13.9 13.9 14.66 22 36
3.69 13.3 13.3 14.5 22 35
3.69 13.3 13.3 25.29 22 35
3.69 13.3 13.3 39.7 22 35
3.81 13.7 13.7 25.41 32 46
3.71 13.4 13.4 36.11 32 45
3.63 13.1 13.1 39.63 32 45
3.69 13.3 13.3 46.89 43 56
3.6 13.0 13.0 39.6 43 56
3.61 13.0 13.0 36.01 43 56
3.83 13.8 13.8 50.63 43 57
4.0 14.4 14.4 47.2 43 57
3.98 14.3 14.3 50.77 43 57
3.94 14.2 14.2 47.14 43 57
4.02 14.5 14.5 14.82 43 57
4.13 14.9 14.9 -499.87 43 58
4.31 15.5 15.5 4.31 0 0
4.42 15.9 15.9 4.42 0 0
4.53 16.3 16.3 4.53 0 0
4.63 16.7 16.7 4.63 0 0
4.83 17.4 17.4 4.83 0 0

count = 112 timestamp = 2024-03-30 14:41:12+00:00
9.09 32.7 32.7 30.69 22 55
9.3 33.5 33.5 -33.9 22 55
9.42 33.9 33.9 9.42 0 0
9.34 33.6 33.6 9.34 0 0
8.96 32.2 32.2 8.96 0 0
8.53 30.7 30.7 8.53 0 0
8.29 29.9 29.9 8.29 0 0
7.93 28.6 28.6 7.93 0 0
7.59 27.3 27.3 7.59 0 0
7.46 26.8 26.8 7.46 0 0
7.46 26.9 26.9 7.46 0 0
7.19 25.9 25.9 7.19 0 0
7.06 25.4 25.4 7.06 0 0
7.04 25.3 25.3 7.04 0 0
7.06 25.4 25.4 7.06 0 0
6.88 24.8 24.8 6.88 0 0
6.69 24.1 24.1 6.69 0 0
6.3 22.7 22.7 6.3 0 0
6.2 22.3 22.3 6.2 0 0
6.16 22.2 22.2 6.16 0 0
5.94 21.4 21.4 5.94 0 0
5.69 20.5 20.5 5.69 0 0
5.74 20.7 20.7 5.74 0 0
5.94 21.4 21.4 5.94 0 0
5.65 20.4 20.4 5.65 0 0

count = 113 timestamp = 2024-03-30 14:54:19+00:00
8.59 30.9 30.9 19.39 22 53
8.69 31.3 31.3 41.09 32 63
8.66 31.2 31.2 30.26 32 63
8.44 30.4 30.4 55.24 32 62
8.42 30.3 30.3 30.02 32 62
8.17 29.4 29.4 40.57 32 61
8.01 28.8 28.8 44.01 32 61
7.83 28.2 28.2 40.23 32 60
7.92 28.5 28.5 43.92 32 61
7.89 28.4 28.4 40.29 32 60
7.87 28.3 28.3 29.47 32 60
8.17 29.4 29.4 44.17 32 61
8.55 30.8 30.8 30.15 32 63
8.4 30.2 30.2 -373.2 32 62
8.16 29.4 29.4 8.16 0 0
7.94 28.6 28.6 7.94 0 0
7.84 28.2 28.2 7.84 0 0
7.74 27.8 27.8 7.74 0 0
7.69 27.7 27.7 7.69 0 0
7.57 27.2 27.2 7.57 0 0
7.56 27.2 27.2 7.56 0 0
7.37 26.5 26.5 7.37 0 0
7.27 26.2 26.2 7.27 0 0
7.03 25.3 25.3 7.03 0 0
6.94 25.0 25.0 6.94 0 0

count = 114 timestamp = 2024-03-30 14:56:18+00:00
3.76 13.5 13.5 14.56 22 36
3.74 13.5 13.5 14.54 22 35
3.55 12.8 12.8 14.35 22 35
3.49 12.6 12.6 50.29 32 45
3.24 11.7 11.7 46.44 43 55
3.22 11.6 11.6 60.82 54 66
3.13 11.3 11.3 -187.67 65 76
2.96 10.6 10.6 2.96 0 0
2.91 10.5 10.5 2.91 0 0
2.75 9.9 9.9 2.75 0 0
2.53 9.1 9.1 2.53 0 0
2.68 9.6 9.6 2.68 0 0
2.87 10.3 10.3 2.87 0 0
2.87 10.3 10.3 2.87 0 0
2.89 10.4 10.4 2.89 0 0
3.01 10.9 10.9 3.01 0 0
3.32 12.0 12.0 3.32 0 0
3.58 12.9 12.9 3.58 0 0
3.7 13.3 13.3 3.7 0 0
3.82 13.7 13.7 3.82 0 0
4.27 15.4 15.4 4.27 0 0
4.38 15.8 15.8 4.38 0 0
4.73 17.0 17.0 4.73 0 0
5.34 19.2 19.2 5.34 0 0
5.76 20.7 20.7 5.76 0 0

count = 115 timestamp = 2024-03-30 15:04:02+00:00
5.79 20.8 20.8 16.59 32 53
5.63 20.3 20.3 38.03 32 52
5.63 20.3 20.3 41.63 32 52
5.69 20.5 20.5 38.09 32 52
5.72 20.6 20.6 38.12 32 53
5.63 20.3 20.3 52.43 32 52
5.69 20.5 20.5 38.09 32 52
5.66 20.4 20.4 41.66 43 63
5.92 21.3 21.3 49.12 43 64
5.6 20.2 20.2 38.0 43 63
5.55 20.0 20.0 52.35 43 63
5.64 20.3 20.3 38.05 43 63
5.65 20.4 20.4 52.45 43 63
5.4 19.4 19.4 37.8 43 62
5.55 20.0 20.0 -498.45 43 63
5.34 19.2 19.2 5.34 0 0
5.32 19.1 19.1 5.32 0 0
5.64 20.3 20.3 5.64 0 0
5.73 20.6 20.6 5.73 0 0
5.98 21.5 21.5 5.98 0 0
5.96 21.5 21.5 5.96 0 0
5.95 21.4 21.4 5.95 0 0
6.07 21.8 21.8 6.07 0 0
6.0 21.6 21.6 6.0 0 0
6.04 21.7 21.7 6.04 0 0

count = 116 timestamp = 2024-03-30 15:04:05+00:00
6.06 21.8 21.8 38.46 43 65
5.92 21.3 21.3 63.52 43 64
5.86 21.1 21.1 -84.14 43 64
5.79 20.8 20.8 16.59 32 53
5.63 20.3 20.3 38.03 32 52
5.63 20.3 20.3 41.63 32 52
5.69 20.5 20.5 38.09 32 52
5.72 20.6 20.6 38.12 32 53
5.63 20.3 20.3 52.43 32 52
5.69 20.5 20.5 38.09 32 52
5.66 20.4 20.4 41.66 43 63
5.92 21.3 21.3 49.12 43 64
5.6 20.2 20.2 38.0 43 63
5.55 20.0 20.0 52.35 43 63
5.64 20.3 20.3 38.05 43 63
5.65 20.4 20.4 52.45 43 63
5.4 19.4 19.4 37.8 43 62
5.55 20.0 20.0 -498.45 43 63
5.34 19.2 19.2 5.34 0 0
5.32 19.1 19.1 5.32 0 0
5.64 20.3 20.3 5.64 0 0
5.73 20.6 20.6 5.73 0 0
5.98 21.5 21.5 5.98 0 0
5.96 21.5 21.5 5.96 0 0
5.95 21.4 21.4 5.95 0 0

count = 117 timestamp = 2024-03-30 15:04:07+00:00
6.01 21.6 21.6 49.21 43 65
6.14 22.1 22.1 -47.86 43 65
6.06 21.8 21.8 38.46 43 65
5.92 21.3 21.3 63.52 43 64
5.86 21.1 21.1 -84.14 43 64
5.79 20.8 20.8 16.59 32 53
5.63 20.3 20.3 38.03 32 52
5.63 20.3 20.3 41.63 32 52
5.69 20.5 20.5 38.09 32 52
5.72 20.6 20.6 38.12 32 53
5.63 20.3 20.3 52.43 32 52
5.69 20.5 20.5 38.09 32 52
5.66 20.4 20.4 41.66 43 63
5.92 21.3 21.3 49.12 43 64
5.6 20.2 20.2 38.0 43 63
5.55 20.0 20.0 52.35 43 63
5.64 20.3 20.3 38.05 43 63
5.65 20.4 20.4 52.45 43 63
5.4 19.4 19.4 37.8 43 62
5.55 20.0 20.0 -498.45 43 63
5.34 19.2 19.2 5.34 0 0
5.32 19.1 19.1 5.32 0 0
5.64 20.3 20.3 5.64 0 0
5.73 20.6 20.6 5.73 0 0
5.98 21.5 21.5 5.98 0 0

count = 118 timestamp = 2024-03-30 15:05:58+00:00
7.12 25.6 25.6 7.12 22 48
7.25 26.1 26.1 39.65 32 58
7.17 25.8 25.8 17.98 32 58
7.26 26.1 26.1 43.26 32 58
7.46 26.9 26.9 39.86 32 59
7.59 27.3 27.3 50.8 32 59
7.47 26.9 26.9 43.47 43 70
7.55 27.2 27.2 39.95 43 70
7.53 27.1 27.1 65.13 43 70
7.59 27.3 27.3 50.8 54 81
7.73 27.8 27.8 65.33 54 82
7.9 28.5 28.5 -384.5 54 82
8.07 29.1 29.1 8.07 0 0
8.02 28.9 28.9 8.02 0 0
8.05 29.0 29.0 8.05 0 0
8.38 30.2 30.2 8.38 0 0
8.53 30.7 30.7 8.53 0 0
8.4 30.2 30.2 8.4 0 0
8.66 31.2 31.2 8.66 0 0
8.92 32.1 32.1 8.92 0 0
9.01 32.4 32.4 9.01 0 0
9.13 32.9 32.9 9.13 0 0
9.26 33.3 33.3 9.26 0 0
9.21 33.2 33.2 9.21 0 0
9.27 33.4 33.4 9.27 0 0

count = 119 timestamp = 2024-03-30 15:08:16+00:00
7.58 27.3 27.3 39.98 43 70
7.49 27.0 27.0 54.29 43 70
7.47 26.9 26.9 61.47 43 70
7.5 27.0 27.0 54.3 54 81
7.41 26.7 26.7 61.41 54 81
7.35 26.5 26.5 75.75 65 91
7.21 26.0 26.0 64.81 65 91
7.09 25.5 25.5 -363.71 65 91
6.97 25.1 25.1 6.97 0 0
7.08 25.5 25.5 7.08 0 0
7.04 25.3 25.3 7.04 0 0
7.02 25.3 25.3 7.02 0 0
6.89 24.8 24.8 6.89 0 0
6.89 24.8 24.8 6.89 0 0
6.75 24.3 24.3 6.75 0 0
6.74 24.3 24.3 6.74 0 0
6.72 24.2 24.2 6.72 0 0
6.68 24.1 24.1 6.68 0 0
6.66 24.0 24.0 6.66 0 0
6.59 23.7 23.7 6.59 0 0
6.75 24.3 24.3 6.75 0 0
6.65 24.0 24.0 6.65 0 0
6.66 24.0 24.0 6.66 0 0
6.75 24.3 24.3 6.75 0 0
6.69 24.1 24.1 6.69 0 0

count = 120 timestamp = 2024-03-30 15:12:42+00:00
8.65 31.1 31.1 41.05 43 74
8.76 31.5 31.5 55.56 54 86
8.93 32.1 32.1 52.13 54 86
8.93 32.1 32.1 66.53 54 86
8.96 32.2 32.2 62.96 54 86
9.08 32.7 32.7 66.68 54 87
8.86 31.9 31.9 77.26 65 97
8.93 32.1 32.1 52.13 65 97
9.14 32.9 32.9 -404.86 65 98
9.1 32.7 32.7 9.1 0 0
8.52 30.7 30.7 8.52 0 0
8.95 32.2 32.2 8.95 0 0
8.76 31.5 31.5 8.76 0 0
8.63 31.1 31.1 8.63 0 0
8.57 30.9 30.9 8.57 0 0
8.47 30.5 30.5 8.47 0 0
8.49 30.6 30.6 8.49 0 0
8.56 30.8 30.8 8.56 0 0
8.61 31.0 31.0 8.61 0 0
8.65 31.1 31.1 8.65 0 0
8.64 31.1 31.1 8.64 0 0
8.52 30.7 30.7 8.52 0 0
8.52 30.7 30.7 8.52 0 0
8.52 30.7 30.7 8.52 0 0
8.73 31.4 31.4 8.73 0 0

count = 121 timestamp = 2024-03-30 15:15:51+00:00
5.97 21.5 21.5 59.97 54 75
5.93 21.4 21.4 85.13 65 86
5.84 21.0 21.0 63.44 65 86
5.97 21.5 21.5 74.37 65 86
5.86 21.1 21.1 -274.94 76 97
5.74 20.7 20.7 5.74 0 0
5.76 20.7 20.7 5.76 0 0
5.79 20.8 20.8 5.79 0 0
5.83 21.0 21.0 5.83 0 0
5.92 21.3 21.3 5.92 0 0
5.98 21.5 21.5 5.98 0 0
5.92 21.3 21.3 5.92 0 0
6.02 21.7 21.7 6.02 0 0
5.97 21.5 21.5 5.97 0 0
6.05 21.8 21.8 6.05 0 0
6.09 21.9 21.9 6.09 0 0
6.1 22.0 22.0 6.1 0 0
5.87 21.1 21.1 5.87 0 0
5.92 21.3 21.3 5.92 0 0
6.04 21.7 21.7 6.04 0 0
6.02 21.7 21.7 6.02 0 0
6.12 22.0 22.0 6.12 0 0
6.23 22.4 22.4 6.23 0 0
6.16 22.2 22.2 6.16 0 0
6.22 22.4 22.4 6.22 0 0

count = 122 timestamp = 2024-03-30 15:35:39+00:00
0.0 0.0 0.0 21.6 22 22
0.0 0.0 0.0 10.8 22 22
0.0 0.0 0.0 21.6 32 32
0.0 0.0 0.0 25.2 32 32
0.0 0.0 0.0 43.2 32 32
0.0 0.0 0.0 57.6 32 32
0.0 0.0 0.0 21.6 32 32
0.0 0.0 0.0 21.6 32 32
0.0 0.0 0.0 36.0 32 32
0.0 0.0 0.0 43.2 32 32
0.0 0.0 0.0 -313.2 43 43
0.0 0.0 0.0 0.0 0 0
0.0 0.0 0.0 0.0 0 0
0.0 0.0 0.0 0.0 0 0
0.0 0.0 0.0 0.0 0 0
0.0 0.0 0.0 0.0 0 0
0.55 2.0 2.0 0.55 0 0
0.55 2.0 2.0 0.55 0 0
2.63 9.5 9.5 2.63 0 0
2.98 10.7 10.7 2.98 0 0
4.03 14.5 14.5 4.03 0 0
4.37 15.7 15.7 4.37 0 0
4.88 17.6 17.6 4.88 0 0
5.55 20.0 20.0 5.55 0 0
6.16 22.2 22.2 6.16 0 0

count = 123 timestamp = 2024-03-30 15:37:08+00:00
6.6 23.7 23.7 -4.2 11 35
6.43 23.1 23.1 240.43 0 0
6.25 22.5 22.5 17.05 11 34
6.51 23.4 23.4 17.31 11 34
6.46 23.2 23.2 6.46 11 34
5.76 20.7 20.7 30.96 11 32
5.48 19.7 19.7 5.48 22 42
4.88 17.6 17.6 15.68 22 40
4.31 15.5 15.5 36.71 32 48
4.31 15.5 15.5 72.71 32 46
3.17 11.4 11.4 -389.23 32 43
2.96 10.6 10.6 2.96 0 0
2.61 9.4 9.4 2.61 0 0
2.28 8.2 8.2 2.28 0 0
2.35 8.5 8.5 2.35 0 0
3.07 11.1 11.1 3.07 0 0
3.62 13.0 13.0 3.62 0 0
4.25 15.3 15.3 4.25 0 0
4.3 15.5 15.5 4.3 0 0
4.49 16.2 16.2 4.49 0 0
4.94 17.8 17.8 4.94 0 0
4.73 17.0 17.0 4.73 0 0
4.36 15.7 15.7 4.36 0 0
4.35 15.7 15.7 4.35 0 0
4.03 14.5 14.5 4.03 0 0

